# l Dl_TT Dl_TE Dl_TB Dl_ET Dl_BT Dl_EE Dl_EB Dl_BE Dl_BB
7.050000000000000000e+01 1.721920100381554676e+03 -6.205795716268193374e+00 1.948181696830935672e-01 -6.205795716268193374e+00 1.948181696830935672e-01 3.722045094220839401e-01 -4.001797951614027675e-03 -4.001797951614027675e-03 1.212571069902701991e-02
1.065000000000000000e+02 2.840863310139046462e+03 -2.713854459914483641e+01 1.810077072412699994e+00 -2.713854459914483641e+01 1.810077072412699994e+00 8.833136353185447875e-01 -1.824511446692637581e-02 -1.824511446692638275e-02 5.892166517592177348e-03
1.425000000000000000e+02 4.165711625401968377e+03 -4.278841599712303179e+01 7.125802689457449990e-03 -4.278841599712303179e+01 7.125802689457449990e-03 1.051645696704930577e+00 -7.012895969247407921e-03 -7.012895969247405319e-03 -2.598521084791148919e-02
1.785000000000000000e+02 4.992477710372772890e+03 -3.565156921068538054e+01 -1.282972922695782447e+00 -3.565156921068538054e+01 -1.282972922695782447e+00 8.347916148685118332e-01 3.614464508718895353e-02 3.614464508718896046e-02 5.701638248834467980e-03
2.145000000000000000e+02 5.581692181601506491e+03 5.991449428109348219e+00 3.456523052842057075e-01 5.991449428109348219e+00 3.456523052842057075e-01 7.863377841312905181e-01 -1.454097598815733486e-02 -1.454097598815733486e-02 5.039329727463839892e-02
2.505000000000000000e+02 5.397504179543507234e+03 6.498624923144012655e+01 -3.185157854255072918e-01 6.498624923144012655e+01 -3.185157854255072918e-01 2.517497086304287812e+00 1.651754196747764851e-03 1.651754196747765718e-03 9.431349676283029906e-03
2.865000000000000000e+02 4.584418721587549044e+03 1.131212640373695137e+02 2.391043421613575637e-02 1.131212640373695137e+02 2.391043421613575637e-02 7.163630749468375747e+00 3.802469236428280414e-02 3.802469236428278332e-02 4.507783997655594177e-02
3.225000000000000000e+02 3.294239074017547864e+03 1.111978235805916313e+02 -3.847908279819086674e-01 1.111978235805916313e+02 -3.847908279819086674e-01 1.310153254704393788e+01 -2.981135651465129793e-02 -2.981135651465131875e-02 2.707345556168305398e-02
3.585000000000000000e+02 2.337277439575084827e+03 7.714809422861338817e+01 1.483246745788360799e-01 7.714809422861338817e+01 1.483246745788360799e-01 1.914677722233714263e+01 -3.820120785329138291e-03 -3.820120785329138291e-03 2.521637752704344176e-02
3.945000000000000000e+02 1.809446033973658359e+03 8.429242166515392043e+00 -2.903486340940451549e-01 8.429242166515392043e+00 -2.903486340940451549e-01 2.166999705324137793e+01 -2.433433178195617066e-02 -2.433433178195615679e-02 4.079432716483649690e-02
4.305000000000000000e+02 1.797502395346081812e+03 -4.751712699343707413e+01 1.105067209672177253e-01 -4.751712699343707413e+01 1.105067209672177253e-01 1.909364999887483094e+01 2.051385117626621304e-02 2.051385117626621651e-02 1.711811964475680806e-02
4.665000000000000000e+02 2.172753661253418159e+03 -7.497513190258928262e+01 1.961665435873963595e-02 -7.497513190258928262e+01 1.961665435873963595e-02 1.353236971908894404e+01 -1.537148533317862949e-02 -1.537148533317863990e-02 9.106884498943206008e-02
5.025000000000000000e+02 2.458485522486460468e+03 -5.664224498442013100e+01 -1.816853421187556716e-01 -5.664224498442013100e+01 -1.816853421187556716e-01 8.057744285736561096e+00 -3.111973301030921540e-02 -3.111973301030921193e-02 9.206284150505164576e-02
5.385000000000000000e+02 2.609163705684758952e+03 -1.410457682220656395e+01 -7.389931507669058597e-01 -1.410457682220656395e+01 -7.389931507669058597e-01 7.305242886555847193e+00 7.867386392590766664e-02 7.867386392590765276e-02 2.512024048349300112e-02
5.745000000000000000e+02 2.393371959673866513e+03 2.478534522997676959e+01 6.212942536156882412e-01 2.478534522997676959e+01 6.212942536156882412e-01 1.300015895147367573e+01 -3.683712037678261997e-02 -3.683712037678261997e-02 1.214921978219174192e-01
6.105000000000000000e+02 2.110049532354637904e+03 2.276226408782039456e+01 -4.630030830242315432e-01 2.276226408782039456e+01 -4.630030830242315432e-01 2.292859624394720086e+01 -5.278681417704055717e-02 -5.278681417704055717e-02 1.765902951919616493e-02
6.465000000000000000e+02 1.874107719632254884e+03 -1.028721677984617600e+01 1.312711044426168039e-01 -1.028721677984617600e+01 1.312711044426168039e-01 3.262408754835831814e+01 -6.359985052193903310e-02 -6.359985052193901922e-02 1.031424620745100551e-01
6.825000000000000000e+02 1.853498416063181594e+03 -7.206035216518071707e+01 -7.369186456695586696e-02 -7.206035216518071707e+01 -7.369186456695586696e-02 3.765837855576781834e+01 -3.660140018409199780e-02 -3.660140018409202556e-02 7.453665824217174662e-02
7.185000000000000000e+02 1.982275598938831536e+03 -1.174836645116913161e+02 -3.853007560904145312e-02 -1.174836645116913161e+02 -3.853007560904145312e-02 3.442768791664863670e+01 7.760279603115297076e-02 7.760279603115294300e-02 4.053456781673295956e-02
7.545000000000000000e+02 2.243025479527052539e+03 -1.304360840324280844e+02 4.199854418098127318e-01 -1.304360840324280844e+02 4.199854418098127318e-01 2.633820708347430184e+01 -3.211175357417694887e-02 -3.211175357417697662e-02 1.105831207316071430e-01
7.905000000000000000e+02 2.522889191045688221e+03 -1.030470469450175131e+02 6.777904651446142736e-01 -1.030470469450175131e+02 6.777904651446142736e-01 1.713306318946370155e+01 3.373991109556743334e-02 3.373991109556744722e-02 6.976461695965470444e-02
8.265000000000000000e+02 2.540430944615991393e+03 -4.115199717619997699e+01 4.368821472601256972e-01 -4.115199717619997699e+01 4.368821472601256972e-01 1.264930570264952792e+01 1.138576909098308956e-02 1.138576909098309650e-02 1.438501299681569923e-01
8.625000000000000000e+02 2.290223243598022691e+03 1.854258240109125211e+01 6.111832176195413080e-01 1.854258240109125211e+01 6.111832176195413080e-01 1.501791365540388057e+01 4.152223243439654571e-02 4.152223243439655265e-02 1.101230156246618408e-01
8.985000000000000000e+02 1.955127409050428469e+03 5.271844315982897200e+01 -3.766891007178907458e-01 5.271844315982897200e+01 -3.766891007178907458e-01 2.339486467321760088e+01 -9.608959430875314844e-03 -9.608959430875321783e-03 1.670726538091591440e-01
9.345000000000000000e+02 1.498014884188763972e+03 5.123690155347459552e+01 -4.490122314698796746e-02 5.123690155347459552e+01 -4.490122314698796746e-02 3.391382335509040047e+01 6.683751243065388925e-03 6.683751243065394129e-03 -6.853054902883444141e-03
9.705000000000000000e+02 1.204474204908321326e+03 1.323326456915935267e+01 -8.993923375208516813e-01 1.323326456915935267e+01 -8.993923375208516813e-01 4.070754666153268886e+01 -1.707351409221341543e-02 -1.707351409221340849e-02 7.504653615741505024e-02
1.006500000000000000e+03 1.062692371183092973e+03 -3.156965599366772679e+01 -2.196751741609049846e-01 -3.156965599366772679e+01 -2.196751741609049846e-01 4.142852548002556290e+01 1.112506456685730810e-01 1.112506456685730671e-01 3.156026033303594575e-02
1.042500000000000000e+03 1.065593693137198670e+03 -6.651541401736139392e+01 -1.745803773395798453e-01 -6.651541401736139392e+01 -1.745803773395798453e-01 3.475189833971538178e+01 1.284640973311962919e-01 1.284640973311962364e-01 8.804014319892472518e-02
1.078500000000000000e+03 1.168343737369115615e+03 -7.701603113889638053e+01 -4.498052042952462859e-01 -7.701603113889638053e+01 -4.498052042952462859e-01 2.572921018173007823e+01 -4.144613285664523056e-02 -4.144613285664524444e-02 9.865611132603854805e-02
1.114500000000000000e+03 1.223056007318493812e+03 -5.997373116675819915e+01 -6.951253651169603254e-01 -5.997373116675819915e+01 -6.951253651169603254e-01 1.735509684699438182e+01 1.996199937521708420e-02 1.996199937521707726e-02 1.243474040593759711e-01
1.150500000000000000e+03 1.214115052357461764e+03 -2.868209006002877004e+01 -4.697487767635745715e-01 -2.868209006002877004e+01 -4.697487767635745715e-01 1.369032915453791688e+01 2.405931559837952774e-02 2.405931559837955203e-02 6.294568551132413703e-02
1.186500000000000000e+03 1.115927665825301801e+03 -2.076254336596062178e+00 -6.303029896922078823e-01 -2.076254336596062178e+00 -6.303029896922078823e-01 1.548880680954454547e+01 1.859159798802791086e-02 1.859159798802791086e-02 1.869511860926286739e-01
1.222500000000000000e+03 9.555504081896982598e+02 6.212974743217243301e+00 -6.231863421293017125e-02 6.212974743217243301e+00 -6.231863421293017125e-02 2.147673540130580605e+01 8.322012026795835848e-02 8.322012026795841400e-02 1.339176327625336838e-01
1.258500000000000000e+03 8.063885206559729113e+02 -4.816525430521204854e+00 3.394804860092597298e-01 -4.816525430521204854e+00 3.394804860092597298e-01 2.757595014326218674e+01 -5.939686992712674141e-02 -5.939686992712674141e-02 1.202372290469588684e-01
1.294500000000000000e+03 7.361922678399952247e+02 -2.865605204236896952e+01 4.768271097237597456e-03 -2.865605204236896952e+01 4.768271097237597456e-03 3.060129427972264793e+01 -2.151175470746218010e-03 -2.151175470746211071e-03 5.420050048796750536e-02
1.330500000000000000e+03 7.326116885042340527e+02 -5.014117454759204406e+01 -7.138038093801777340e-01 -5.014117454759204406e+01 -7.138038093801777340e-01 2.835052008090296383e+01 9.039004068925779456e-02 9.039004068925779456e-02 1.063206189072050667e-01
1.366500000000000000e+03 7.837111362860102872e+02 -6.132651276136553520e+01 -5.255738586269063095e-01 -6.132651276136553520e+01 -5.255738586269063095e-01 2.350242946905878583e+01 5.667691978374969630e-02 5.667691978374968936e-02 1.438681948694770230e-01
1.402500000000000000e+03 8.171688647063907638e+02 -5.338577113696941012e+01 -1.639783517886909681e-01 -5.338577113696941012e+01 -1.639783517886909681e-01 1.690618522871527318e+01 5.643354543951212277e-02 5.643354543951212277e-02 1.755609904469038474e-01
1.438500000000000000e+03 8.089896230613312582e+02 -3.381071999058411848e+01 5.473621955675260775e-01 -3.381071999058411848e+01 5.473621955675260775e-01 1.241953289471363853e+01 -2.561715510089179748e-01 -2.561715510089180303e-01 6.700918882176579161e-02
1.474500000000000000e+03 7.593904448251598751e+02 -1.292889091227012699e+01 4.249683054666771320e-01 -1.292889091227012699e+01 4.249683054666771320e-01 1.156428233008056594e+01 1.997168916653271620e-01 1.997168916653271897e-01 8.014624684996216053e-02
1.510500000000000000e+03 6.637942257352590332e+02 3.114616316686455999e+00 1.291583006517564858e-01 3.114616316686455999e+00 1.291583006517564858e-01 1.379662656842257107e+01 1.928945491896837117e-02 1.928945491896836423e-02 8.997420654743709667e-02
1.546500000000000000e+03 5.525334732880570527e+02 5.775536558462271763e+00 9.391644091279698070e-02 5.775536558462271763e+00 9.391644091279698070e-02 1.719918919400685908e+01 -5.519466533459628510e-02 -5.519466533459621571e-02 4.907501737969831995e-02
1.582500000000000000e+03 4.640081981940961100e+02 -1.603269407094074284e+00 -8.880505432232682628e-02 -1.603269407094074284e+00 -8.880505432232682628e-02 2.016424097161487339e+01 1.206589073970646964e-01 1.206589073970647519e-01 3.072035986820279355e-02
1.618500000000000000e+03 4.098657244682345890e+02 -1.383385852888500622e+01 2.600687084734507604e-01 -1.383385852888500622e+01 2.600687084734507604e-01 2.052585395687827940e+01 7.528113797126453899e-02 7.528113797126456674e-02 3.648010775136932560e-02
1.654500000000000000e+03 3.965559600194898167e+02 -2.439423920042508342e+01 -3.370832818116877849e-01 -2.439423920042508342e+01 -3.370832818116877849e-01 1.832528873657820512e+01 -1.569247651954242539e-01 -1.569247651954241984e-01 -8.881394199316090809e-02
1.690500000000000000e+03 4.015626173458430799e+02 -2.962503461952195494e+01 1.611407854939335693e-01 -2.962503461952195494e+01 1.611407854939335693e-01 1.485776704166603146e+01 1.740812448204105967e-01 1.740812448204106244e-01 1.896947493134103491e-01
1.726500000000000000e+03 4.061005211565448008e+02 -2.612354961694938282e+01 -2.799518024417053663e-01 -2.612354961694938282e+01 -2.799518024417053663e-01 1.083478724533746451e+01 4.060711492400272127e-02 4.060711492400274902e-02 -4.659767804432289606e-02
1.762500000000000000e+03 3.955242895407432115e+02 -1.803968334125169193e+01 -6.943360902653474831e-01 -1.803968334125169193e+01 -6.943360902653474831e-01 8.629679355951507702e+00 -1.213627041677568796e-02 -1.213627041677569490e-02 -1.088748159266255816e-01
1.798500000000000000e+03 3.701094018458144319e+02 -9.951590290905224734e+00 -4.843145110975483059e-01 -9.951590290905224734e+00 -4.843145110975483059e-01 7.707770262047532128e+00 1.307959921398278991e-01 1.307959921398278991e-01 1.528328331968097642e-01
1.834500000000000000e+03 3.288118949766290484e+02 -6.031801304284810428e+00 4.655541516667170976e-01 -6.031801304284810428e+00 4.655541516667170976e-01 8.752886788540468643e+00 9.829579439362065574e-02 9.829579439362061410e-02 7.936416411996506659e-02
1.870500000000000000e+03 2.825643777789081810e+02 -5.491038305793431107e+00 2.219555323757919085e-01 -5.491038305793431107e+00 2.219555323757919085e-01 1.029061596753262009e+01 -1.826351433577556582e-01 -1.826351433577557137e-01 -6.896387065047186737e-02
1.906500000000000000e+03 2.589309633298726112e+02 -9.496118112757351071e+00 8.346670891244772905e-02 -9.496118112757351071e+00 8.346670891244772905e-02 1.093359916566621592e+01 -1.335514898777853676e-01 -1.335514898777853676e-01 2.081114201186017032e-01
1.942500000000000000e+03 2.448397484094642209e+02 -1.488234601696720460e+01 -1.963446807789798187e-01 -1.488234601696720460e+01 -1.963446807789798187e-01 1.098035838494595495e+01 -4.152076631999751521e-02 -4.152076631999752215e-02 3.093654790689921719e-02
1.978500000000000000e+03 2.425307677263465109e+02 -1.765491131531327085e+01 -2.258072057250326836e-01 -1.765491131531327085e+01 -2.258072057250326836e-01 9.570999709388138044e+00 -6.063926931836788325e-02 -6.063926931836785550e-02 7.775108821563123107e-02
2.014500000000000000e+03 2.444748810989338210e+02 -1.800334303596127938e+01 1.480763190992065437e-01 -1.800334303596127938e+01 1.480763190992065437e-01 8.061530326858207474e+00 1.434273309866005708e-01 1.434273309866005430e-01 1.205499219846139919e-01
2.050500000000000000e+03 2.378036009165352880e+02 -1.426102266261420404e+01 8.420864941998038034e-02 -1.426102266261420404e+01 8.420864941998038034e-02 6.044852271685949852e+00 -2.304653061816162515e-02 -2.304653061816164250e-02 1.567653300095739055e-01
2.086500000000000000e+03 2.274444178486160979e+02 -9.019450646723843334e+00 2.174189296794669102e-01 -9.019450646723843334e+00 2.174189296794669102e-01 4.896745723586158228e+00 8.131160343577389926e-02 8.131160343577391314e-02 1.654439812249010877e-01
2.122500000000000000e+03 2.072899520409926879e+02 -5.241634331192392082e+00 4.625913865362117905e-01 -5.241634331192392082e+00 4.625913865362117905e-01 5.132943656860066817e+00 -5.444178857003879185e-02 -5.444178857003877103e-02 1.651867302043765473e-01
2.158500000000000000e+03 1.809874121608789892e+02 -3.212801279760345796e+00 -3.743343208986410486e-01 -3.212801279760345796e+00 -3.743343208986410486e-01 5.341004991006442992e+00 1.480867158879603518e-02 1.480867158879604212e-02 2.355877392238603929e-01
2.207000000000000000e+03 1.525142223783135762e+02 -3.797835668959422151e+00 -1.506033393754120098e-01 -3.797835668959422151e+00 -1.506033393754120098e-01 5.930914110858926946e+00 3.846280532581945050e-02 3.846280532581944356e-02 -5.209241864191933857e-02
2.268000000000000000e+03 1.331560086277891912e+02 -6.883737746558134418e+00 2.224386152039517506e-02 -6.883737746558134418e+00 2.224386152039517506e-02 5.751314477246295631e+00 5.660628252591096837e-02 5.660628252591098919e-02 -9.259179089822040798e-02
2.329000000000000000e+03 1.265282694050825540e+02 -7.992637905891716521e+00 -1.814414304463720651e-01 -7.992637905891716521e+00 -1.814414304463720651e-01 4.432023515398581637e+00 1.467852444754249100e-02 1.467852444754249100e-02 3.693847973325336542e-01
2.390000000000000000e+03 1.182555634474461641e+02 -6.235332536015592453e+00 2.348950802807959759e-01 -6.235332536015592453e+00 2.348950802807959759e-01 3.185344285043629320e+00 -5.936994401504057384e-02 -5.936994401504057384e-02 -5.999179962497785262e-02
2.451000000000000000e+03 1.055479937113352378e+02 -3.542271317413290710e+00 2.413623708421725467e-01 -3.542271317413290710e+00 2.413623708421725467e-01 2.588659657363234778e+00 -1.000611423178595777e-01 -1.000611423178595777e-01 2.550861554739660697e-01
2.512000000000000000e+03 9.131805127038461478e+01 -2.824769034784302413e+00 1.234969112483531029e-01 -2.824769034784302413e+00 1.234969112483531029e-01 2.859397312686348336e+00 2.080267985538922226e-02 2.080267985538919451e-02 -2.012111356333950649e-03
2.573000000000000000e+03 8.325100846789028708e+01 -3.894526902474638508e+00 9.846780829198734097e-02 -3.894526902474638508e+00 9.846780829198734097e-02 2.777701452527125525e+00 -9.395123627973454850e-02 -9.395123627973450686e-02 -1.130923212624139751e-01
2.634000000000000000e+03 7.809329093707152936e+01 -4.159698840490763772e+00 -1.429709057148922935e-01 -4.159698840490763772e+00 -1.429709057148922935e-01 2.432613301486181268e+00 -1.868801430509002548e-02 -1.868801430509001854e-02 3.837595545279329137e-03
2.695000000000000000e+03 7.300628933563385203e+01 -3.513746318229675758e+00 2.528174901315257891e-02 -3.513746318229675758e+00 2.528174901315257891e-02 1.725859852926444171e+00 -1.209966142509868448e-01 -1.209966142509868448e-01 1.040474193763329253e-01
2.756000000000000000e+03 6.546089520291964448e+01 -2.246020558766462560e+00 -9.067510318465293873e-02 -2.246020558766462560e+00 -9.067510318465293873e-02 1.675554911680038339e+00 -1.805430357495083071e-01 -1.805430357495084182e-01 2.283153552424667665e-01
2.817000000000000000e+03 5.790235709921525853e+01 -1.654760790178404495e+00 -2.974170224835893245e-02 -1.654760790178404495e+00 -2.974170224835893245e-02 1.336304810689675771e+00 1.339010130737908894e-02 1.339010130737908894e-02 4.923911232324957449e-03
2.878000000000000000e+03 5.230213824725523608e+01 -1.703889571156506300e+00 -2.969408782375089484e-02 -1.703889571156506300e+00 -2.969408782375089484e-02 1.587363598478001681e+00 2.014373409290139416e-01 2.014373409290138861e-01 -1.481538860107630695e-01
2.939000000000000000e+03 4.937229565342741466e+01 -1.935217751840132783e+00 1.468102516794153878e-01 -1.935217751840132783e+00 1.468102516794153878e-01 1.177801217885205975e+00 8.494756878385656407e-02 8.494756878385660570e-02 2.354351838056651172e-02
3.000000000000000000e+03 4.688580306649732421e+01 -1.802431060098671267e+00 -9.796362547598833070e-02 -1.802431060098671267e+00 -9.796362547598833070e-02 1.010867671954376990e+00 1.900110923340498359e-01 1.900110923340498637e-01 1.074829340290881646e-02
3.061000000000000000e+03 4.429362896451333143e+01 -1.475769150406363250e+00 -8.508163792090360500e-02 -1.475769150406363250e+00 -8.508163792090360500e-02 1.271403555506211092e+00 -1.783136930665663034e-01 -1.783136930665663034e-01 -4.472657737120661059e-02
3.122000000000000000e+03 4.040796430994109301e+01 -1.075649499779216978e+00 2.294496168812492354e-01 -1.075649499779216978e+00 2.294496168812492354e-01 1.169624077105574145e+00 8.166856837114015721e-02 8.166856837114017109e-02 1.229396670353015281e-01
3.183000000000000000e+03 3.881919442197403924e+01 -9.858829649478405566e-01 4.723822492112519922e-02 -9.858829649478405566e-01 4.723822492112519922e-02 5.826295928384707112e-01 -2.217579566622816523e-01 -2.217579566622816523e-01 -1.610703323889968730e-01
3.244000000000000000e+03 3.705793756556425222e+01 -1.346064268178717604e+00 1.286289353045269312e-01 -1.346064268178717604e+00 1.286289353045269312e-01 5.865864887236054148e-01 1.651193553144523207e-01 1.651193553144522930e-01 -2.194465148267621957e-01
3.305000000000000000e+03 3.614763975019970843e+01 -1.083426972392483201e+00 6.875221274185887299e-02 -1.083426972392483201e+00 6.875221274185887299e-02 1.027776745934346758e+00 1.327744125168184297e-01 1.327744125168185130e-01 -2.038246843024074662e-01
3.366000000000000000e+03 3.457313122797821592e+01 -5.920996941178806594e-01 -5.340658016060533669e-02 -5.920996941178806594e-01 -5.340658016060533669e-02 4.358311023512896343e-01 2.171699616507659913e-01 2.171699616507660746e-01 -7.014710908179125348e-02
3.447000000000000000e+03 3.299800342228015637e+01 -7.143749259593387135e-01 -3.444555767306362037e-02 -7.143749259593387135e-01 -3.444555767306362037e-02 5.501857571769702693e-01 -2.159819247742429393e-01 -2.159819247742429948e-01 -1.350746066428159253e-01
3.548000000000000000e+03 3.176318172211282942e+01 -1.406250164980107908e-02 2.247471436888024560e-02 -1.406250164980107908e-02 2.247471436888024560e-02 1.903209305738470802e-02 1.311967290262974067e-02 1.311967290262973374e-02 3.507473437096896851e-01
3.649000000000000000e+03 3.113580461844254899e+01 -1.436819179183076445e-01 7.479033806351351177e-02 -1.436819179183076445e-01 7.479033806351351177e-02 -1.459525992861939181e-01 -1.423061587349123136e-01 -1.423061587349122858e-01 -2.805028306713187036e-01
3.750000000000000000e+03 3.078723154752179525e+01 -5.488898215445592310e-01 1.976624110582544114e-01 -5.488898215445592310e-01 1.976624110582544114e-01 -3.705729337604251467e-02 6.489916548296344179e-02 6.489916548296342791e-02 1.175102839366742175e-01
3.851000000000000000e+03 3.055756945443750539e+01 -3.303407295512955644e-01 -4.433848863359220877e-02 -3.303407295512955644e-01 -4.433848863359220877e-02 1.593120269270525691e-01 -4.036395534302117394e-01 -4.036395534302116839e-01 -8.172654039533983061e-02
3.952000000000000000e+03 3.066790426268230974e+01 -1.371666716568491901e-02 -9.943837130848308392e-03 -1.371666716568491901e-02 -9.943837130848308392e-03 4.255403543266603195e-01 4.653842177881568898e-02 4.653842177881567510e-02 2.730522176863933170e-01
4.053000000000000000e+03 3.069074727089330068e+01 -1.850406118811433465e-01 -1.724619167382778484e-01 -1.850406118811433465e-01 -1.724619167382778484e-01 -1.131686512064645767e-01 -1.433610841098202637e-01 -1.433610841098202915e-01 1.277065748950822199e-01
4.154000000000000000e+03 3.107581307007141902e+01 -4.409859342642940411e-02 1.308420124558515307e-01 -4.409859342642940411e-02 1.308420124558515307e-01 5.318761313371149768e-01 -1.561258478541183436e-01 -1.561258478541183436e-01 4.329646742717050550e-02
4.255000000000000000e+03 3.189551915154612516e+01 7.638237550997029057e-02 -7.063441146708840379e-02 7.638237550997029057e-02 -7.063441146708840379e-02 1.422096351276355697e-01 1.509866447849592119e-01 1.509866447849590732e-01 -1.034501847134404323e-01
4.356000000000000000e+03 3.213142790725338926e+01 -3.354388012876088343e-01 2.876125241153177914e-01 -3.354388012876088343e-01 2.876125241153177914e-01 2.205447456691001992e-02 -3.289213842199649462e-03 -3.289213842199656401e-03 2.158700782597263446e-01
4.457000000000000000e+03 3.342630597548852478e+01 -1.473361414546197623e-01 2.509073715614951738e-01 -1.473361414546197623e-01 2.509073715614951738e-01 3.023829542256697422e-01 2.386745600746548179e-01 2.386745600746549290e-01 -6.439315558411451423e-02
4.558000000000000000e+03 3.372183016765367825e+01 1.805256022689246398e-01 3.753658327391550809e-01 1.805256022689246398e-01 3.753658327391550809e-01 3.554830514749552917e-01 -2.411749936182636667e-01 -2.411749936182636112e-01 4.274394894390983191e-01
4.659000000000000000e+03 3.461939490480423132e+01 -5.240392955223848181e-01 -3.634811424987079986e-01 -5.240392955223848181e-01 -3.634811424987079986e-01 -3.549934121673084531e-01 -1.380532279109272786e-02 -1.380532279109281113e-02 1.439889984857564420e-01
4.760000000000000000e+03 3.589391832059018128e+01 3.944635719894608594e-01 8.668138085530655013e-02 3.944635719894608594e-01 8.668138085530655013e-02 -8.439984145115095315e-02 1.338680071285048290e-01 1.338680071285048290e-01 9.037164361031950477e-02
4.861000000000000000e+03 3.658644309690957641e+01 3.909967296322243158e-01 7.028481740015646295e-02 3.909967296322243158e-01 7.028481740015646295e-02 -6.794643608178682070e-01 -2.726490865527366747e-01 -2.726490865527366192e-01 2.483123197639514612e-01
4.962000000000000000e+03 3.743485129389292609e+01 -1.925794015737858633e-01 -3.968550807893384547e-01 -1.925794015737858633e-01 -3.968550807893384547e-01 1.308616182186105092e+00 -1.672018308208190196e-01 -1.672018308208189363e-01 7.334543923433420876e-01
5.063000000000000000e+03 3.841185097158052031e+01 3.055610986182849542e-01 1.838257811018083610e-01 3.055610986182849542e-01 1.838257811018083610e-01 -1.852118751337840652e-01 -6.154475352019685985e-01 -6.154475352019683765e-01 -1.866220352772754790e-02
5.164000000000000000e+03 3.964707159030621142e+01 -6.140598506345227303e-01 3.562218229575428441e-01 -6.140598506345227303e-01 3.562218229575428441e-01 -8.067333998904413495e-01 -5.314965624497117180e-02 -5.314965624497115793e-02 5.938815955037158867e-01
5.265000000000000000e+03 4.108914464884268369e+01 -7.502577934299002882e-01 1.387326896815972987e-01 -7.502577934299002882e-01 1.387326896815972987e-01 6.916358341371815488e-01 6.307533225276168443e-01 6.307533225276167332e-01 1.752095656697008341e-01
5.366000000000000000e+03 4.184401133805042861e+01 9.919452262170169732e-02 2.385006216806563883e-01 9.919452262170169732e-02 2.385006216806563883e-01 -4.637258555939095805e-02 -5.371109047834256023e-01 -5.371109047834258243e-01 2.702074256149587517e-01
5.467000000000000000e+03 4.294179750118179584e+01 2.193049249395812722e-02 -5.508750659507375413e-01 2.193049249395812722e-02 -5.508750659507375413e-01 6.484159615127742526e-01 -1.240889321928247691e-01 -1.240889321928247968e-01 4.229148519384942628e-01
5.568000000000000000e+03 4.488735545845403152e+01 -2.812063672201440268e-01 -1.834797080254961243e-01 -2.812063672201440268e-01 -1.834797080254961243e-01 -2.934210732969851076e-02 -2.140895340416414938e-01 -2.140895340416415493e-01 4.674971426520296292e-01
5.669000000000000000e+03 4.545160668489324962e+01 5.648444567888398771e-01 1.766965639731529480e-01 5.648444567888398771e-01 1.766965639731529480e-01 6.506847152613696172e-01 -3.499276734549561230e-01 -3.499276734549564560e-01 3.020626531542324744e-01
5.770000000000000000e+03 4.585873654447197367e+01 4.196409045647034319e-01 -1.035000108433487664e+00 4.196409045647034319e-01 -1.035000108433487664e+00 -2.745137402219827161e-01 4.465280396247586214e-01 4.465280396247583994e-01 8.347243406513568109e-01
5.871000000000000000e+03 4.814252958399701043e+01 -3.124874949885481090e-01 -1.264551511607842071e-01 -3.124874949885481090e-01 -1.264551511607842071e-01 -1.430971379446487890e-01 2.275207438939269577e-02 2.275207438939275129e-02 -3.764174712569221537e-01
