# l Dl_TT Dl_TE Dl_TB Dl_ET Dl_BT Dl_EE Dl_EB Dl_BE Dl_BB
7.050000000000000000e+01 2.517023312772891586e+03 -6.241003475465124239e+00 7.306456835472885381e-02 -1.255777008796522765e+01 5.456932120373197748e+00 3.408247825363112105e-01 1.733808240682963714e-02 1.163786643129835312e-02 -1.086376178763251606e-02
1.065000000000000000e+02 2.879535120241172990e+03 -2.670783496106699317e+01 3.146474612061890497e+00 -2.005787651901288626e+01 4.581834467212611450e+00 8.428780936613322616e-01 -4.109228380921935153e-02 1.109800895972689813e-02 2.417491323118317256e-02
1.425000000000000000e+02 4.222807245627367593e+03 -4.733259203503826029e+01 -2.918169458366404623e+00 -4.265402886509080815e+01 -2.042440846464217863e+00 1.063660102336865920e+00 -4.911774642889082942e-04 1.859866581742676550e-04 2.064480860964127557e-02
1.785000000000000000e+02 5.264962534751648491e+03 -3.294099122198078078e+01 1.078336731306572815e+00 -3.798011237922167993e+01 -2.245965181167892677e+00 8.146293235823832690e-01 4.795568974516607047e-02 -5.604253677040266918e-02 5.095921578099218974e-02
2.145000000000000000e+02 5.570018733374410658e+03 3.158980588965387248e+00 -3.432986730343415838e-01 6.174229008158484966e+00 2.000198925313066756e+00 8.306060462480440165e-01 2.266887238236044849e-02 -8.037954024495247429e-02 5.037843122340165958e-03
2.505000000000000000e+02 5.415556864697920901e+03 6.650534564994535458e+01 2.290278023695666576e+00 6.389972671783640124e+01 -6.752009274645662806e-01 2.469958885949179006e+00 1.265957610501654285e-01 1.114847447463934195e-02 2.553957588674415219e-02
2.865000000000000000e+02 4.574848672902431645e+03 1.110654663170685126e+02 -8.815087644491019780e-01 1.065842363605593590e+02 -7.647770817268857435e-01 6.970126492218907899e+00 4.138243642886776236e-02 -7.433235881020333613e-02 -1.582469982690971541e-02
3.225000000000000000e+02 3.353609806506540735e+03 1.161993939730513432e+02 -1.255042773787110821e+00 1.141922584666727118e+02 9.096250713351761163e-01 1.344308346763896900e+01 -1.216314628634505846e-02 -2.425167835586946805e-02 -4.514044400256496392e-02
3.585000000000000000e+02 2.346727992217861811e+03 7.788900307833829117e+01 -3.469427783163189227e-01 7.463460758499935821e+01 2.517433906259202159e-01 1.904309480080869932e+01 7.234778047138015755e-02 7.071246383530654933e-02 2.578293734906789494e-02
3.945000000000000000e+02 1.831733217231661911e+03 7.978706710900226540e+00 -2.820011761414892071e+00 6.702017740010694169e+00 -1.422837080630302009e-01 2.140824472231752651e+01 -2.915416855293044285e-01 1.073890322080021942e-02 5.388654074803014837e-02
4.305000000000000000e+02 1.816065045748765442e+03 -4.699490785467736487e+01 4.161825520856939353e-01 -4.890500609646646524e+01 -9.825739713944323661e-01 1.935999774641972238e+01 -1.896810780430672472e-01 7.514361198439128975e-02 1.063167363568560675e-01
4.665000000000000000e+02 2.090700483849911507e+03 -6.927020184830328731e+01 2.628461132794979171e-01 -6.771906521544053703e+01 1.476864091258565992e+00 1.300788358341357487e+01 -3.497372804406030655e-02 1.811449268221701839e-02 6.132843881132566538e-02
5.025000000000000000e+02 2.451910467386687742e+03 -5.743754231842662250e+01 -4.092041609088080678e-01 -5.528163475311548325e+01 1.786668218649729578e-01 7.960727449280827983e+00 9.007459662865430206e-02 -7.267438763607286800e-02 4.207059799880677464e-02
5.385000000000000000e+02 2.562759841364872045e+03 -1.468453206222981500e+01 -1.399652554715254738e+00 -1.381970261354421226e+01 1.450330985995974098e+00 7.555995543905966727e+00 -8.670860014816965389e-02 5.523043424772038079e-02 6.765434132223994979e-02
5.745000000000000000e+02 2.488930455533472923e+03 2.224199069245464244e+01 -1.713633156222857945e-01 2.179029308231287843e+01 2.089266553217379863e-01 1.295198083237443498e+01 3.779726871911900932e-05 3.146866955858919346e-02 2.218176039429689203e-02
6.105000000000000000e+02 2.175705751328033330e+03 3.204915167401613019e+01 -5.125126535692130503e-01 3.087262198946547187e+01 -3.204847137613369146e-01 2.266065662487893917e+01 9.976697301520517924e-02 5.257234683695507366e-02 4.724656500269670129e-02
6.465000000000000000e+02 1.857925654931097597e+03 -1.097086031449095245e+01 -8.555195567646904919e-01 -1.130726623344253845e+01 1.420089876425980835e+00 3.225576377818443063e+01 1.820902785083745867e-01 3.310733884531659454e-02 1.441120773904852048e-01
6.825000000000000000e+02 1.785239396376207878e+03 -6.632792385392357914e+01 -3.975492394452568301e-01 -6.862237248657393707e+01 -6.690070896807930323e-01 3.806917437680372274e+01 1.473084970862025833e-01 -9.695119462801438104e-03 1.076924009667705601e-01
7.185000000000000000e+02 1.973841992169130208e+03 -1.156777509422700803e+02 -9.323821964037568577e-01 -1.165232187875773491e+02 7.338623446111657289e-01 3.452520924223574639e+01 1.491262087063409403e-01 -3.206488586996993767e-02 1.331208874121213026e-01
7.545000000000000000e+02 2.266705914546274471e+03 -1.318678357892355848e+02 -1.225158284009306930e+00 -1.321968494556497262e+02 -5.035554318339263702e-01 2.670276668958022270e+01 -2.312098843430729356e-01 8.746434580415998750e-02 1.183618410904982987e-01
7.905000000000000000e+02 2.483923699257752560e+03 -1.028610565558496148e+02 4.735400247596199819e-02 -1.040710397472975188e+02 2.138112606614530620e-01 1.753350544691112489e+01 -2.080937578205213287e-02 -1.171950782566470728e-01 1.012222801222471685e-01
8.265000000000000000e+02 2.539046559459100536e+03 -4.320838338360699993e+01 -1.368933172065411874e-01 -4.286562966090153282e+01 9.368962269941287779e-01 1.266625150918227405e+01 -7.504375286152448199e-02 6.351877866405436501e-02 1.649559366566949181e-01
8.625000000000000000e+02 2.321056537769779879e+03 1.947641645906760033e+01 -2.234738502889417333e-01 2.085634693157805231e+01 -7.380084899093937167e-01 1.538044209952188623e+01 -2.151895358192773555e-01 2.491505067918935723e-01 2.220885247397589857e-01
8.985000000000000000e+02 1.883115836381836971e+03 5.157483864985317723e+01 -4.256129579415930397e-01 5.295999919081712903e+01 1.081057983599351013e+00 2.338310529403449323e+01 -2.755239772650456415e-02 3.839443336543360563e-02 1.402520441171762888e-01
9.345000000000000000e+02 1.518683909692053930e+03 4.968071421829015577e+01 1.284357150867708519e+00 5.355386403678888030e+01 3.075735135265887377e-01 3.350684419980857598e+01 3.616029671745712992e-01 6.460379506796586069e-02 7.862625206210449580e-02
9.705000000000000000e+02 1.193306623425061161e+03 1.368315768789145359e+01 6.671293114429321935e-01 1.456204591311639973e+01 8.351691023007012937e-01 4.135454538176499284e+01 8.824314641505207057e-02 1.113387646171189009e-02 9.641590605695994631e-02
1.006500000000000000e+03 1.062879102906408434e+03 -3.287556723715340468e+01 -2.152675429029242693e-01 -3.197490253649845826e+01 -3.796991994282017946e-01 4.146095453671958353e+01 -2.618399847339913933e-03 9.713130892784575809e-02 2.098472249788639887e-01
1.042500000000000000e+03 1.076381039850275101e+03 -6.843378149332912130e+01 5.517389318137209120e-01 -6.808492248698874505e+01 1.292912872766849297e+00 3.567314050404662851e+01 -2.164764788438217069e-01 1.342016320313922650e-02 -2.832006393152724025e-02
1.078500000000000000e+03 1.169940777432434288e+03 -7.913256061250670825e+01 -9.072651705077566797e-01 -7.752044281001928994e+01 -9.418881859682575186e-01 2.574870803761589144e+01 1.002023561705115556e-01 -4.794616662382749500e-02 2.124117007975946936e-01
1.114500000000000000e+03 1.227239393123608352e+03 -5.746277065121638827e+01 -8.459859813508219251e-02 -5.939459174277172337e+01 4.515998010896670745e-01 1.662523849391872943e+01 8.951651771933492874e-02 3.464820899242430224e-02 3.196609710971818480e-02
1.150500000000000000e+03 1.213232687818999921e+03 -3.025798207773286919e+01 -1.787903783200493812e+00 -3.101791251064201305e+01 2.992984479042193335e-01 1.372025081570127369e+01 3.028284316676637111e-01 -4.229814479891749746e-02 3.374051542433354617e-03
1.186500000000000000e+03 1.111976197649146116e+03 -4.177200418419745986e+00 1.445812969306149665e+00 -5.866830725337463193e+00 3.050168258677305455e-01 1.595356472876536635e+01 -9.213588086041411829e-02 9.529857832931573625e-03 2.312663404298253567e-01
1.222500000000000000e+03 9.628405424642965045e+02 6.072449824692579767e+00 2.406139337028887049e+00 6.896025581308673935e+00 8.370956889517090493e-01 2.141136917179583321e+01 3.601434888439115217e-02 -8.531358527007998349e-02 1.760926610946013937e-01
1.258500000000000000e+03 8.183547714207250010e+02 -5.937524586227383772e+00 9.308706325964994921e-01 -5.460892172694369329e+00 3.149475198151320265e-01 2.760849454666286817e+01 -8.847171941400948370e-02 1.137591533134980487e-01 1.936307500254702552e-01
1.294500000000000000e+03 7.387377101133105270e+02 -2.807117057995553466e+01 1.799798567401033611e-01 -2.712515497084949700e+01 7.445557716803441473e-01 2.992843547078048516e+01 -4.941859117399781121e-01 3.122864058466466308e-01 7.483408396262176965e-02
1.330500000000000000e+03 7.343324219948488008e+02 -4.862085724700088463e+01 7.716112420895069324e-01 -5.040756905018150036e+01 -7.051488744042658241e-02 2.808972241772857359e+01 -3.974004343558008023e-01 -7.266652401531370487e-02 -2.546766993432355436e-02
1.366500000000000000e+03 7.786185447611333075e+02 -6.141267497325969771e+01 -6.177328987727344067e-01 -6.037247606425691515e+01 -7.370293343270530873e-01 2.384909865199649914e+01 2.227635649200854218e-01 -2.231978598796995894e-01 -2.552855890377200149e-02
1.402500000000000000e+03 8.228379108210747290e+02 -5.301625429359236108e+01 -2.567378943558264459e-01 -5.281348453535002818e+01 7.216642777175239498e-01 1.698377515407885596e+01 1.762513090656279702e-01 -3.168084534836824312e-02 2.114705286947214935e-01
1.438500000000000000e+03 8.208485960396028531e+02 -3.597463442020669788e+01 -1.218039368855913684e+00 -3.568733320515629259e+01 4.492665254025771659e-01 1.222194008704333967e+01 9.007428551020374430e-02 2.023603426922547799e-01 2.373201335201101658e-01
1.474500000000000000e+03 7.637916797594505169e+02 -1.187058719762192283e+01 3.526421060393103435e-01 -1.200912582257469374e+01 3.157382613955200812e-01 1.144437545759076613e+01 -3.976222024330394733e-02 9.175553891987736632e-02 -4.469940475134005775e-02
1.510500000000000000e+03 6.695856877256655935e+02 3.798481683364630435e+00 -2.325620617085153441e-01 3.358765382479240724e+00 -2.025063557349191523e-01 1.372921685590897312e+01 -3.326512770189080648e-01 1.688675150696403449e-01 -2.227945915029477253e-01
1.546500000000000000e+03 5.641007065093815527e+02 5.157068405628240093e+00 5.816716315653378683e-02 5.562287151405655550e+00 4.567182569639367112e-02 1.704236515125203155e+01 4.832580046443615829e-02 1.973607352789264191e-01 5.275952352363719178e-02
1.582500000000000000e+03 4.739808268665685773e+02 -2.203884625067587866e+00 2.236253869408121875e-01 -1.600685012292303533e+00 4.086275871180856667e-01 2.038678168927207324e+01 -7.757223985133558652e-02 9.821687653071173307e-02 3.249725908046865452e-01
1.618500000000000000e+03 4.188904201135050585e+02 -1.687418013626326285e+01 1.214175031155094509e+00 -1.541160595175190196e+01 2.320976157568331311e-01 2.119476358387536052e+01 -9.048918349843441955e-03 -4.521613712245078354e-01 1.880070809436762969e-01
1.654500000000000000e+03 4.075434087268438361e+02 -2.609194132692079648e+01 2.014083375072825977e-01 -2.508436182682162396e+01 -4.734628549875838366e-01 1.814635073151219302e+01 1.741203488926545973e-02 -3.956601867876871625e-03 1.049300093183933857e-01
1.690500000000000000e+03 4.085150965619500312e+02 -2.999725209795460046e+01 -1.091819338605810152e+00 -2.963600413472499184e+01 1.438581780945331623e-01 1.459033064458492568e+01 1.295955313626838967e-01 3.126399770630738928e-01 1.673418524310292810e-01
1.726500000000000000e+03 4.186621706792478790e+02 -2.693026057150759556e+01 1.058257202425398447e+00 -2.656451271273349590e+01 -5.490237371041584158e-02 1.111474599418575515e+01 2.504556858581294954e-01 9.234909385205790355e-03 1.250076441423138562e-01
1.762500000000000000e+03 4.077583864911531464e+02 -1.841520538787415973e+01 -5.617685387774074002e-03 -1.910012360189207214e+01 4.562816653749022233e-01 8.450059153303914883e+00 4.085458319769870450e-02 -7.744517494470437580e-02 -1.082418482480587418e-01
1.798500000000000000e+03 3.778910508470191303e+02 -1.076327517073525009e+01 2.714220898499174472e-01 -1.029130398196116758e+01 2.475864803948650272e-01 7.678133176384125846e+00 2.604007076181255043e-01 -1.624418430007926184e-01 1.065796707216053879e-02
1.834500000000000000e+03 3.393204696822509163e+02 -4.398272200061595250e+00 9.436770464423821503e-01 -5.693850057061185410e+00 -3.900590707549308478e-01 8.910983518767423561e+00 -2.572613974691618788e-01 1.086728964555746246e-01 -8.129951384333639064e-02
1.870500000000000000e+03 2.975757982588085042e+02 -4.848883054822139549e+00 -8.782351947677236037e-01 -5.680668068416771632e+00 -3.211706867184399572e-01 1.001065251087841013e+01 -9.278353931461162662e-02 -3.775111703683036724e-01 1.425611145384408918e-01
1.906500000000000000e+03 2.728675486306588027e+02 -9.064690564210469148e+00 -6.338221977425642084e-01 -9.148485530897506379e+00 1.052522879757051000e-01 1.124913034296672798e+01 -2.495170902683828684e-01 -4.424674586169251300e-02 3.319605962122616494e-01
1.942500000000000000e+03 2.543304901420784461e+02 -1.401729498975503319e+01 -1.137324609583724166e-01 -1.446498300750268129e+01 -3.090812544874811385e-01 1.107267005556663619e+01 -1.401977578994306750e-01 7.827932261746055331e-02 1.973097664259284012e-01
1.978500000000000000e+03 2.511811248124840859e+02 -1.834237145726445206e+01 -4.773430648348052641e-01 -1.801918269118556282e+01 -3.905790463993333295e-01 9.438765581049203490e+00 3.582871762280667727e-02 1.332071188537100048e-01 5.104642720938123296e-02
2.014500000000000000e+03 2.585896110133867296e+02 -1.737212080040724516e+01 -1.047870881488358885e-01 -1.865234087572165578e+01 3.591768971996280868e-01 7.829155858973988025e+00 1.599445390274894241e-01 2.087370389370016843e-01 7.330889007972071769e-02
2.050500000000000000e+03 2.500182825040976695e+02 -1.342798448277768841e+01 -6.419935596325868077e-02 -1.420822102723358427e+01 1.796738681323757636e-01 6.051858311868246076e+00 -3.173020771909944582e-01 1.152120191480293654e-01 -2.245804200210385626e-02
2.086500000000000000e+03 2.373914456856336415e+02 -9.594431807837203507e+00 1.284248960461689126e-01 -9.506409599350217121e+00 -2.686743280376520659e-01 5.034697534420679688e+00 -2.186962011111422688e-01 2.010321070816688815e-01 1.538979760445225997e-01
2.122500000000000000e+03 2.189624959457382261e+02 -4.279109204646982967e+00 -2.786347156483286458e-01 -4.648108253007363189e+00 -4.210640724722513606e-01 5.541076558766081739e+00 1.458377052822911746e-01 -2.300638012065944760e-02 -1.591611479794164674e-01
2.158500000000000000e+03 1.944455109518687266e+02 -2.882996324089133644e+00 5.953128306008353965e-01 -1.977156889973061826e+00 -4.193437422921066360e-01 5.439950713680838490e+00 -6.433826791145746959e-02 -1.619418699129051287e-01 -2.717362737483269841e-02
2.207000000000000000e+03 1.674279430553016823e+02 -3.695385941939780317e+00 2.007283210136162621e-01 -3.300004670515137128e+00 -1.113557507565112320e-01 6.004875029018876376e+00 5.318590698079432577e-04 -1.025378049217665760e-01 2.485711508869262176e-01
2.268000000000000000e+03 1.479353255483673024e+02 -7.250636686072768455e+00 6.016851773344120691e-01 -7.281581671323024807e+00 3.232156691923190328e-01 5.897471669387320148e+00 -1.388065994784207779e-01 -2.599651620098751559e-02 2.451516421628062159e-01
2.329000000000000000e+03 1.419722794100276815e+02 -7.653141994097851786e+00 4.901750822367003102e-01 -8.334524397565800768e+00 2.004423797990205480e-01 4.523944611067120647e+00 -5.560145922818956477e-01 -4.472848316194039109e-01 4.895423926557005562e-02
2.390000000000000000e+03 1.356337402628381312e+02 -5.410052252211878354e+00 3.514564361252288105e-01 -6.222405383784209931e+00 -6.957041375921677040e-02 3.345933762305553394e+00 -1.043181305051902041e-01 -1.483635246117136486e-01 2.581681714626537505e-01
2.451000000000000000e+03 1.235493592022261282e+02 -3.127738934015574568e+00 4.912116622665916865e-01 -3.336672867598331482e+00 4.389412913139408706e-02 3.187924028052746106e+00 4.073653901266983679e-01 1.573194071351365075e-01 -1.285514875609162222e-01
2.512000000000000000e+03 1.082405089221210233e+02 -3.499261178866035493e+00 -3.114898139773657204e-02 -3.067161087138485787e+00 5.462429125518405981e-02 2.854827539803321379e+00 2.201981235773639578e-01 4.341298940249974092e-01 4.512340894278552700e-02
2.573000000000000000e+03 1.002297348912611170e+02 -3.614587718150786166e+00 9.714684273435240935e-03 -3.666918375316486678e+00 -1.858224553990874273e-01 3.096776341240568442e+00 -4.691547546737997454e-01 2.296171693223933163e-01 1.371719027404946778e-01
2.634000000000000000e+03 9.604703847771014580e+01 -4.434332952024426788e+00 1.361429507192049027e-01 -4.381408229554484279e+00 -1.506665697618105315e-01 2.202585707867755094e+00 -3.794532214123166880e-01 8.802526114065728491e-02 3.652490457475621177e-01
2.695000000000000000e+03 9.229173420257393445e+01 -3.398547815654704429e+00 -9.026958221045272568e-02 -3.346466073303402844e+00 6.999871644119215475e-02 1.401273994695346303e+00 -2.351607774756785396e-01 3.969675091939965650e-02 -3.827239740137956536e-01
2.756000000000000000e+03 8.518761749259088845e+01 -2.052845776687097779e+00 3.578728223815592080e-01 -1.759866285312591705e+00 -2.215586208479860264e-01 1.605575752296242165e+00 3.816050345745727324e-01 1.420722500576725722e-01 -8.648633306102512797e-02
2.817000000000000000e+03 7.808822309994789634e+01 -8.982354606378619710e-01 -1.529273002356647815e-01 -1.840921858565699676e+00 1.130055525353116375e-01 1.171904204972031405e+00 -3.064923002947079200e-01 -1.725524693020616118e-01 -6.018505099419540344e-02
2.878000000000000000e+03 7.292025450643036777e+01 -1.461796013356768009e+00 -2.312179027131395781e-01 -1.357788634258402682e+00 -5.906493738932070414e-01 1.557505048169417705e+00 1.822327270816721245e-01 6.175008980924760055e-02 2.590248009346972080e-01
2.939000000000000000e+03 7.080149635114743489e+01 -1.626216351767161949e+00 -7.173571837816861141e-04 -1.500179968434082634e+00 1.049682527939393983e-02 1.093382439105432535e+00 2.235227679518832777e-01 -4.383803752320137859e-01 5.174786891140217282e-01
3.000000000000000000e+03 6.873426724779406527e+01 -1.246308951501412743e+00 -6.810688336287493705e-01 -1.536580874818134657e+00 -8.671728332166517283e-02 1.486338284561551148e+00 1.173118584783345575e-01 2.457094743669896442e-01 -4.734771684837603689e-01
3.061000000000000000e+03 6.768909856895052712e+01 -8.542478335382001076e-01 5.319418810172671375e-03 -1.077120630959135239e+00 -4.638638255612971273e-01 1.400610882043305416e+00 7.192092366796717928e-02 1.817472301886563779e-01 -1.027683320484430035e-01
3.122000000000000000e+03 6.597919137247066601e+01 -1.230967483809741303e+00 2.205695851191692702e-01 -6.772470249650560659e-01 4.784866581019517340e-01 4.666030176099023596e-01 3.931532232035666041e-01 -3.208775988351898756e-02 -2.425606162374825958e-01
3.183000000000000000e+03 6.395898800640861737e+01 -1.303357262930100680e+00 1.213080061240614238e-01 -1.212544703461602591e+00 1.886287910266254975e-01 1.203971391850663597e+00 -4.085180072583703415e-01 2.299638107336299600e-02 2.654057033329872139e-02
3.244000000000000000e+03 6.292052924440686468e+01 -1.384901249787321209e+00 -3.309509974212491157e-01 -8.909278047132122014e-01 4.132044570813131479e-01 7.398149351452861788e-01 -8.890521969576850037e-01 -4.944560975190136209e-02 4.386886617889343976e-01
3.305000000000000000e+03 6.328123909148560244e+01 -1.179929477988131303e+00 4.852108301016678782e-01 -8.949122414934205239e-01 -9.048848129112731231e-02 4.483112553445307014e-01 -4.317954365191751243e-01 -1.474935303651692675e-01 3.367711487126519576e-01
3.366000000000000000e+03 6.265113664318916875e+01 -7.665710777824823463e-01 3.736060559090224609e-01 -3.404662028454233935e-01 -7.135066289893587932e-01 5.221236124874333306e-01 -3.114453979695330083e-02 1.077784211297774936e-01 7.811801663058602907e-01
3.447000000000000000e+03 6.242691056696844498e+01 -7.197207777442719001e-01 -1.475885520712718058e-01 -6.540505580788311679e-01 -1.348733583591487650e-01 2.545190518818147840e-01 -3.723162641032676801e-01 -1.487379588253126828e-01 1.551574844961239874e-01
3.548000000000000000e+03 6.187449250030402936e+01 -4.588823226405754907e-01 -2.942958311451935871e-01 -3.339137750127822990e-01 -8.550187816820183084e-02 1.847447309651265579e-01 9.243218012472426137e-02 4.149435617034514800e-01 1.235593837932580930e-01
3.649000000000000000e+03 6.308421873005903535e+01 -1.038863502885686740e+00 -1.893130879900196128e-01 4.047437100650211894e-01 7.290843597835499068e-01 4.628397242087465835e-01 2.212629616144289602e-01 7.091761866420692728e-02 -3.112116297754863314e-02
3.750000000000000000e+03 6.427567372749885521e+01 -6.140357578107055181e-01 2.018105207934701162e-01 -4.813209352631756532e-01 3.598678452509853076e-01 -3.282265167543090278e-01 -3.068686099300761416e-01 -4.336893609697638485e-01 3.139863272334634248e-01
3.851000000000000000e+03 6.556603383793520834e+01 1.798402219771663701e-01 -3.279770313382028291e-01 -3.479429344355718934e-01 -4.028852377583351796e-01 9.853455058419663404e-02 -3.152213153848717475e-01 -2.396393865778515542e-01 1.697777584555318908e-01
3.952000000000000000e+03 6.853712486249428082e+01 1.107899790714192423e-02 -2.668121934817063723e-01 -6.879208630528856894e-01 4.430347093882108789e-01 -7.147010853105467687e-02 3.689974202037156203e-01 -5.883395314515748042e-01 -5.853171335509681217e-02
4.053000000000000000e+03 6.962776587204371026e+01 -5.092266454893396022e-01 4.424796714681574206e-01 -4.201317404814524648e-01 2.402577105000910929e-01 7.845928313877685856e-01 -1.283471088380602754e-01 -3.714184541045811860e-01 1.564755484655528384e-01
4.154000000000000000e+03 7.198283365218944141e+01 -4.343743221498326812e-01 -2.150734447322990295e-01 7.156587877429070321e-01 1.943160767711619719e-01 4.504454792259866142e-02 -4.949603448394441774e-01 -2.479236245230094227e-01 6.539895264937283237e-01
4.255000000000000000e+03 7.351741178843920466e+01 -2.646201971449210211e-01 -1.311352042673124552e-01 4.661099101489856178e-01 -1.928500985219999964e-01 4.409716567581906110e-01 1.280997508318521549e-01 -7.090245856415597347e-02 1.097006248723708666e+00
4.356000000000000000e+03 7.643278353828114291e+01 -2.537259586375518183e-01 -2.704570751977031229e-02 -4.421930873843116228e-01 6.258343885082562341e-03 4.681230073802604696e-01 -4.135120339224900021e-02 5.473306870085020703e-01 -5.020210853667197437e-01
4.457000000000000000e+03 7.824403165817358285e+01 3.435519099707524671e-01 -6.204431281021121486e-02 2.463984989632029277e-01 -8.515145737799428849e-02 1.712553614948546521e-01 2.311458669717566805e-01 3.108414063565581587e-01 -5.135728716224599033e-01
4.558000000000000000e+03 8.041349930472679830e+01 3.861687686957707144e-02 -4.507530629283498236e-01 -5.554077501482195256e-01 1.674225097462392342e-01 8.490396528982541158e-02 -1.386627285767470519e-01 2.099183978733641376e-01 3.206696361614569390e-01
4.659000000000000000e+03 8.347534809018165447e+01 5.976493279905046307e-01 -5.741164900101519697e-02 -5.922549680834813257e-01 7.191982752642377408e-01 9.424786586334818472e-02 -2.099883510474941095e-01 3.013212783595242694e-01 7.384345799274346644e-01
4.760000000000000000e+03 8.698399452889219674e+01 -3.622403149277935164e-01 2.417253695716549688e-01 -7.341403154203451908e-01 6.094767030598993163e-01 -4.107129321529970900e-01 -5.133512486093061433e-02 -7.955149581062216368e-01 -1.259410874778915668e-01
4.861000000000000000e+03 9.045920873554112518e+01 1.759545174175630444e-01 -9.189704093408245233e-01 -1.915967073821195910e-01 -2.020958117065962956e-02 -1.617834568926385108e-01 7.065099165748299492e-02 2.698889761752584771e-01 -4.076380487906772210e-02
4.962000000000000000e+03 9.160879946913365757e+01 8.366463375825576865e-01 9.935725187996803376e-01 3.906038026944697594e-01 5.866780514550895553e-01 3.100978871551149929e-01 -3.192475287786453175e-01 4.142697301381847441e-01 -3.194566986132396647e-01
5.063000000000000000e+03 9.554707656862606768e+01 -2.122977612189393126e-01 4.508873882657281618e-01 -1.002075916863895522e+00 -1.877264939917623610e-01 -7.741171350161725195e-01 -1.079051675020955114e+00 -6.391329641717948817e-01 -3.559466280905161373e-01
5.164000000000000000e+03 9.834606073648566849e+01 3.368594840904217125e-01 6.680022750196766834e-01 2.828013408454998490e-01 1.517325858732690769e+00 -5.971751623604962811e-01 -1.004107021455218351e-01 1.575119450926104891e-01 -1.573969122211710259e-02
5.265000000000000000e+03 1.013236818197874953e+02 4.096978421822076721e-01 1.539838761907501019e-01 1.354550290675871071e-02 8.189318704350988520e-01 -6.835076956534119619e-02 -6.645124869221625818e-01 -4.077649266076376344e-01 -7.043246441806844116e-02
5.366000000000000000e+03 1.044920977037434682e+02 4.234223027872605627e-01 -3.499290647007813337e-01 2.677809738274785079e-01 7.285777274819494886e-01 1.089412917284846793e+00 -7.908250392841061904e-01 6.810338315520437780e-01 5.496548497667949063e-01
5.467000000000000000e+03 1.082768116696690015e+02 5.266008353653475194e-01 7.985344584153114544e-02 3.046885278711139455e-01 -4.009903813777914161e-01 1.052291297895927014e-01 1.175089873368070137e+00 -2.788544849201957110e-02 7.997280413085638973e-02
5.568000000000000000e+03 1.116708940618082408e+02 -7.454793092868070570e-01 9.761490492917868078e-01 7.244331036173150551e-01 -6.452682627681027849e-01 2.167442944854881537e-01 -6.899316332318010669e-01 7.253376527181358835e-01 -1.831949591405310329e+00
5.669000000000000000e+03 1.147012523657008956e+02 -6.347548108342082607e-01 -1.352314381860866721e+00 2.904356998848937610e-01 2.265333057523950533e-01 -1.118237389446633978e+00 1.437629539746092977e+00 1.992007959169427078e+00 2.760108857484322442e+00
5.770000000000000000e+03 1.191826332278003804e+02 5.452009670854338630e-01 -9.468370520493007980e-02 -4.057387616275706654e-02 -1.496801931005954822e+00 -4.197409430602272451e-02 1.031351047513928698e+00 -3.718363268730761062e-01 -2.022043279968676055e-01
5.871000000000000000e+03 1.220154431368183765e+02 -1.223899456831253341e+00 -3.056438795825910937e-02 3.602924418697543985e-01 6.563642833908714946e-01 -1.937727276632948747e+00 7.210126279863723342e-01 5.848495743239243705e-01 -2.387025072990613950e-01
