# l Dl_TT Dl_TE Dl_TB Dl_ET Dl_BT Dl_EE Dl_EB Dl_BE Dl_BB
7.050000000000000000e+01 1.894048695980501634e+03 -7.163936715680057077e+00 -1.184854939464315970e+00 -3.504305543998690542e+00 -4.306648676989963676e-01 3.482116747919882238e-01 -2.913830870806854295e-02 -2.320406808108656932e-02 -3.688583537832545306e-02
1.065000000000000000e+02 2.713196951891126446e+03 -2.445391300542484103e+01 -1.498291911721687075e+00 -2.404161807233203518e+01 -1.235425730338278294e+00 8.121671733384483449e-01 1.117534770971678748e-02 -1.034215509424092280e-02 -1.199664101508481767e-02
1.425000000000000000e+02 4.077114753782348998e+03 -4.788933486254333616e+01 1.184173140404344959e+00 -4.083579134156487100e+01 2.697210803157942482e+00 1.176016800114890293e+00 1.718699079979139205e-02 3.143024404903789482e-02 -1.878413330236063106e-02
1.785000000000000000e+02 5.106989857332278916e+03 -3.674719197169858376e+01 -4.073952116847313398e+00 -3.331387121047342248e+01 -2.658856106160341959e+00 8.471330431137422678e-01 -2.710260865053460561e-02 1.111575170051765094e-02 8.787319999296622219e-02
2.145000000000000000e+02 5.709595302841766170e+03 6.442025274259258083e+00 3.441533468972774124e+00 4.700501073234388372e+00 8.221642609754088449e-01 7.624966506819188528e-01 3.570721174708363366e-02 -8.234340504258966242e-02 -2.354377553255831285e-02
2.505000000000000000e+02 5.440486800758355457e+03 6.430997487964290826e+01 -3.032575553243067823e+00 6.370470592703874502e+01 2.861822042334406291e+00 2.369201377446202628e+00 -2.874629273600861658e-03 2.746726825514310411e-02 3.520804561349049483e-03
2.865000000000000000e+02 4.545475333220956600e+03 1.145742795606382458e+02 8.103207738118556325e-01 1.137359545076967322e+02 5.610746343258299351e-01 7.042448456410417279e+00 5.608572049686375710e-02 -8.160222461266554428e-03 -1.690481810512355076e-02
3.225000000000000000e+02 3.242458844407544348e+03 1.182042174103040395e+02 2.524227046809994213e-01 1.163369476452569700e+02 3.105107436201218762e-01 1.349270490340408557e+01 8.712866823032718033e-02 -2.995977222641108342e-02 7.041222078748955726e-02
3.585000000000000000e+02 2.292822685067816565e+03 7.321119743269466085e+01 9.139804622363911779e-02 6.821020297120395526e+01 5.096911389998304287e-01 1.875443473045061182e+01 -1.570851937140837207e-01 1.695106763721140886e-01 7.025259899662594787e-02
3.945000000000000000e+02 1.762992463510800690e+03 4.869179559251992195e+00 2.092403346159685262e-02 9.051639875130476298e+00 -2.931091534255649833e-01 2.107686081741069728e+01 -3.345177014939755555e-02 8.647587924192498554e-02 3.968249893729028366e-02
4.305000000000000000e+02 1.776014940233377274e+03 -5.192845039159331577e+01 3.797896925886647401e-01 -4.917008389399954638e+01 1.308517178623687105e+00 1.922949714535437593e+01 5.923137041607513115e-02 4.210815932393041638e-02 9.092733496996052711e-02
4.665000000000000000e+02 2.063535724010529975e+03 -7.203529398750256973e+01 1.094483740018427076e-01 -7.068869714374309865e+01 -7.617327929158824729e-01 1.342281882040415653e+01 1.873229096031177043e-01 -2.150244642979840318e-02 -9.196657034421448773e-03
5.025000000000000000e+02 2.422793453847340515e+03 -5.637399030171290804e+01 9.512026158033375367e-01 -5.490957590071833039e+01 -1.430872292289953052e-02 8.378616052232267464e+00 3.586017647585219154e-02 -6.281372641020488423e-02 6.396421844278417368e-02
5.385000000000000000e+02 2.578709955425409134e+03 -1.280151515505732718e+01 -2.983052363802907614e+00 -1.309950616531870438e+01 -1.481731808674384254e+00 7.205202829040056933e+00 -1.788902798127645424e-02 9.052324906561622087e-02 1.185396140663607795e-01
5.745000000000000000e+02 2.410454751481649964e+03 2.468826865900587464e+01 1.150785603005280988e-01 2.557960287289408541e+01 1.553303673187869105e-01 1.319500975879258320e+01 1.661817620876020890e-02 -6.467253330732267158e-03 5.352238480083878341e-02
6.105000000000000000e+02 2.125505138397116752e+03 2.784673644842963824e+01 1.386349913949808110e+00 2.557878619892241900e+01 2.545552733681551993e-01 2.319708979543769800e+01 -1.187455751311093793e-01 9.124340944889142158e-02 1.082982774404807058e-01
6.465000000000000000e+02 1.884174876445590598e+03 -9.847627267835003195e+00 -1.774735170451628985e-01 -8.845490906176326718e+00 3.713169684062167519e-02 3.250558744988094872e+01 -6.215907693512996712e-02 1.862757570859489564e-01 4.649097923033478769e-02
6.825000000000000000e+02 1.816301359146797040e+03 -7.017647603414918933e+01 -5.859320473559617160e-01 -7.044647413336463160e+01 -6.891730659816734939e-01 3.778705397019150780e+01 2.468825217170754205e-01 -2.648292321165393592e-02 3.532007821353579102e-02
7.185000000000000000e+02 1.944658495382765977e+03 -1.178388511689300771e+02 -3.484717906259947040e-01 -1.186122780839601631e+02 -1.190985473172306852e-02 3.515550092020248485e+01 1.139274979857848175e-01 1.132091178868190190e-01 9.205727071607261447e-02
7.545000000000000000e+02 2.291352180913755092e+03 -1.340319368446055535e+02 8.955849102910893311e-01 -1.336534867918848875e+02 -4.225974169011690318e-01 2.638109082811766370e+01 2.822153472173580604e-02 2.268820578124059253e-02 7.051948522579058742e-04
7.905000000000000000e+02 2.483036043228296876e+03 -1.047382087369668966e+02 -7.130067639091072218e-01 -1.024553842008408822e+02 1.083570763539999593e+00 1.780252034780257020e+01 -2.692072870787683841e-02 -3.427967612335362790e-02 7.803443494608161557e-02
8.265000000000000000e+02 2.512219183290630099e+03 -4.238753169038636770e+01 2.771803029672367025e+00 -4.236985387834299388e+01 -4.224127198661871696e-01 1.265288375373502205e+01 -5.219279533637513624e-02 -2.478381072509838051e-02 8.881560205337384051e-02
8.625000000000000000e+02 2.336446569937239474e+03 1.560600283463658045e+01 -9.227252008584483356e-01 1.755325971351232539e+01 -6.139170881225074483e-01 1.505363797788690405e+01 -7.538510122895973609e-02 -6.440316512460497744e-02 5.095283446865221666e-02
8.985000000000000000e+02 1.902346643683227285e+03 5.572943969134388453e+01 8.562918489010353795e-01 5.569570577286869906e+01 2.896925306783882381e-01 2.395803707930863169e+01 -1.765540791131514631e-02 1.133630169596511056e-01 2.031581671929574839e-02
9.345000000000000000e+02 1.530875287650130531e+03 5.359974227222107857e+01 -4.965598844543718249e-01 5.263195567167362299e+01 3.973835875711558829e-01 3.423133112107696263e+01 1.043289306356387641e-01 -1.617519184256022424e-01 1.191286605232507734e-01
9.705000000000000000e+02 1.211308069810756479e+03 1.659016966563168083e+01 6.244339662926945422e-02 1.709010347078432090e+01 -1.120672413815353430e+00 4.080759715400710519e+01 3.906669514517409070e-01 -7.558911135380574908e-02 6.437562167616338316e-02
1.006500000000000000e+03 1.049883742954421905e+03 -3.333362030769191620e+01 -7.538720964686584924e-02 -3.255543446671366326e+01 7.248603706603488073e-01 4.171024352792585432e+01 2.965122202276486707e-01 1.531690505444811487e-02 1.095165324246139826e-01
1.042500000000000000e+03 1.067188847774812075e+03 -6.758773980508462387e+01 2.786806887655546294e+00 -6.784111393727815198e+01 1.583053170360280815e+00 3.508880636609418247e+01 -1.103295126262092418e-02 -2.305487297706440564e-01 1.713586433992199398e-01
1.078500000000000000e+03 1.181710711548390464e+03 -7.935803826764191626e+01 -8.623195229900892933e-01 -7.849978681978271311e+01 -6.852020366698707843e-01 2.540514720036853191e+01 -7.040741820390181149e-02 -3.465622807906558467e-02 1.742542453991935969e-01
1.114500000000000000e+03 1.247190240041818470e+03 -6.025866988690610526e+01 9.893202517048566014e-02 -6.023706794442574619e+01 3.623904825437296306e-02 1.698253723907959412e+01 7.242535744816147592e-02 -5.085999994889883746e-02 -3.743893335498658936e-02
1.150500000000000000e+03 1.210467325632464053e+03 -2.869470681331799966e+01 -5.744196155684048177e-01 -2.763549412771655511e+01 2.318984031512684174e-01 1.357635801567319866e+01 -1.749606636729120757e-01 7.410952227383682533e-02 1.112454765651939154e-01
1.186500000000000000e+03 1.114367354268616964e+03 -1.839168192719924377e+00 -3.113412979899466970e-01 -1.933652839806727419e+00 -1.012991675214003795e+00 1.572982664402771569e+01 9.247506456220683235e-02 -1.341887210243991324e-01 2.711897266890482272e-01
1.222500000000000000e+03 9.426397122186396018e+02 3.503830022792892240e+00 -1.068030731499930441e-01 4.266580271584421880e+00 -8.249524194816221234e-02 2.165125106107835506e+01 3.500242105541328530e-01 -1.771946079619372560e-01 1.115704389946298863e-01
1.258500000000000000e+03 8.285300275924676043e+02 -4.951371863773525561e+00 9.793834546993717138e-01 -4.008292591798730875e+00 1.158333142790161752e+00 2.829682649719286758e+01 -1.013152339184651418e-01 9.223609328385598549e-02 6.014704840031328409e-02
1.294500000000000000e+03 7.433355164419481298e+02 -2.734879342762081933e+01 -1.472557261973170606e+00 -2.866255938349168275e+01 1.078635622101929009e-01 3.002718927960646056e+01 -2.213370950176904717e-01 -2.059585399019774332e-01 -8.371074871111522375e-03
1.330500000000000000e+03 7.427839238029130229e+02 -5.128562701925077505e+01 1.881823611933742146e+00 -5.157807563853501165e+01 4.247526144480370802e-01 2.917528064883903838e+01 -6.558779042055297437e-02 4.015447072159904207e-02 9.294008999445142749e-02
1.366500000000000000e+03 7.781790919121034449e+02 -5.913576917493527674e+01 3.022929494329191780e-01 -5.869394572552389633e+01 -1.506080144450301639e-01 2.320064839326211015e+01 -1.364694277535186961e-01 3.284153020851171556e-02 1.669661028179565687e-04
1.402500000000000000e+03 8.214345381511739106e+02 -5.268395770340295314e+01 -1.069984407378643754e+00 -5.440392999029562304e+01 1.040329199218873235e+00 1.668366351934891156e+01 -1.995125531116495043e-01 9.975111347029458342e-02 1.803644872522963682e-03
1.438500000000000000e+03 8.343908214812522601e+02 -3.406309673644145164e+01 2.668276464676584414e-01 -3.482337888902067391e+01 6.717691779568777388e-01 1.231326990775928820e+01 -1.762410259199641838e-01 1.586082684357307815e-01 2.706502873343331061e-01
1.474500000000000000e+03 7.632322071562421115e+02 -1.197144036568947456e+01 4.306393467799121133e-01 -1.112267863806331114e+01 7.358368483119682724e-01 1.129572364902129955e+01 1.271579364027739245e-01 -1.600307234031485837e-01 -7.115582640095477474e-02
1.510500000000000000e+03 6.777794526901027439e+02 3.067621875576898915e+00 1.202143685715641341e+00 2.079765402004019936e+00 5.945952141235140154e-01 1.374311466273667648e+01 1.647303702782027812e-01 -8.547799512394529953e-02 9.153761257291134767e-02
1.546500000000000000e+03 5.620563383671576503e+02 8.108487205510044760e+00 -7.340517161031691051e-01 6.735763939048121429e+00 1.946046699439798466e-01 1.726160005519713536e+01 -3.667329227916450995e-01 7.943807273439654204e-02 -1.458635601607382107e-02
1.582500000000000000e+03 4.698645729617678626e+02 -2.378108771032241719e+00 9.154562228767473275e-01 -1.523433443058850534e+00 -2.577905167929556152e-02 1.979727514342870265e+01 -1.744690072252064739e-01 9.537976196025957365e-02 4.776098943402751901e-02
1.618500000000000000e+03 4.148994676261920631e+02 -1.401210091856893314e+01 -6.137636053529601510e-01 -1.412049056649575185e+01 3.925589460846005685e-01 2.031089791377253917e+01 2.956515501661391987e-01 -1.193496278353644025e-01 2.103902538625199159e-01
1.654500000000000000e+03 4.084390764089689583e+02 -2.428933048399259320e+01 -1.324025043551805947e+00 -2.554234120430224664e+01 -6.559516072890518856e-01 1.839869360233427642e+01 -2.569887223512074687e-02 2.658708758894960666e-02 4.190180718506772428e-02
1.690500000000000000e+03 4.159701087746533403e+02 -3.083345582054946732e+01 9.872174163897494692e-01 -2.967063933427862210e+01 -9.298106376080850222e-02 1.461864952394539685e+01 -2.521168638659400107e-01 -2.790269699277430071e-01 -1.941008049875650454e-02
1.726500000000000000e+03 4.228038637306284500e+02 -2.623498055346247426e+01 -1.150153708838497657e+00 -2.776057398110966545e+01 -1.157885738147133303e-01 1.072001498945406794e+01 5.083902059040696919e-01 3.042752268363212442e-01 -8.942446212673064998e-02
1.762500000000000000e+03 4.042009739164152506e+02 -1.680291324909968864e+01 -5.743013878695035768e-01 -1.713552396431813207e+01 -6.531452105258143126e-01 8.242343198524769932e+00 -2.122753303032479111e-01 -1.407023796193475514e-02 1.202109537690973506e-01
1.798500000000000000e+03 3.781361160820744090e+02 -9.450392335956109946e+00 4.849103915123527120e-01 -1.001707792830258725e+01 8.012558026569929215e-01 7.952498910999991288e+00 -2.030457279975176610e-01 -3.028742966595117103e-01 3.099055419951288748e-01
1.834500000000000000e+03 3.359323896903035234e+02 -6.456922629668575553e+00 -7.717743944423128832e-01 -4.631235616704000080e+00 6.615459664628360603e-02 8.788593288568803175e+00 -5.718442124919312364e-02 -6.047516633033424294e-02 -9.173645474795344423e-02
1.870500000000000000e+03 3.008231997582689701e+02 -5.879943378986535407e+00 2.865195855611125109e-01 -5.270006331268850985e+00 3.673443385282178925e-02 1.003706895398188514e+01 -2.900137816858439077e-01 1.139990363674074775e-01 2.224542716886170057e-02
1.906500000000000000e+03 2.729750207097785051e+02 -8.890829386244600840e+00 3.515977825139438018e-01 -9.997025219597336587e+00 -1.737113794452251891e-01 1.093235645940830736e+01 -2.764830117778252494e-01 -1.964574259699113090e-02 2.249319663833438954e-01
1.942500000000000000e+03 2.601062466347323152e+02 -1.422265201638194299e+01 -5.288563428688904111e-02 -1.493101088796420761e+01 9.951902899301068306e-02 1.085155858285010666e+01 2.395710661253051821e-01 -7.939830740899544992e-04 1.158508031321666409e-01
1.978500000000000000e+03 2.572231096265869041e+02 -1.741432470162408208e+01 -9.821518571359071359e-01 -1.798509184319165044e+01 -7.333747467457247815e-01 9.639501183448061283e+00 -1.157533769957528325e-01 7.590422432797389041e-02 -5.172598830068711462e-02
2.014500000000000000e+03 2.545580561527056034e+02 -1.675051606404586835e+01 4.288364993307430817e-02 -1.729157923936308805e+01 8.385646458599244069e-01 7.595273988317780223e+00 1.194476769841207320e-01 -2.808076976095652544e-02 -1.356620614963863769e-01
2.050500000000000000e+03 2.511667696891107084e+02 -1.378754820640056167e+01 -8.777010107351262969e-01 -1.421970307861474403e+01 2.175982843395378175e-01 5.994984110567408209e+00 5.516573916354301776e-02 -3.766508993976639963e-01 -3.650818881497273904e-02
2.086500000000000000e+03 2.385331464835760187e+02 -9.769831286432751227e+00 -1.349708360013755382e+00 -1.015710601368251886e+01 3.969325229396629129e-01 5.139877764019008310e+00 5.989300528107541211e-02 -2.416803459779514329e-01 -9.912591276450408162e-02
2.122500000000000000e+03 2.168231666492606564e+02 -5.647867939197873888e+00 5.080938367934997313e-01 -5.299760242504405028e+00 -4.610137502864831982e-02 5.089704255186910942e+00 3.031277118217413635e-01 -1.190880277118162855e-01 -1.948593593384825851e-01
2.158500000000000000e+03 1.919779533245913967e+02 -4.722516993275590380e+00 1.715051299764019932e-02 -2.506782215266382785e+00 5.233269040457431132e-01 5.277378402953534220e+00 -2.196287696367440201e-01 -1.607173022506123150e-01 5.490389068703382947e-01
2.207000000000000000e+03 1.662073320682794133e+02 -3.420537774189384095e+00 1.010618637786507013e-01 -3.660419612542430201e+00 9.114026454070073280e-02 5.860492262271659314e+00 2.821542045230286955e-01 9.581617856573033942e-02 -7.869426352786104695e-03
2.268000000000000000e+03 1.484864999321408732e+02 -7.033212177891075001e+00 -5.373564780901333160e-01 -6.714171523406309738e+00 -2.386201552424211669e-01 5.982385145919558056e+00 1.960895231006709039e-01 -1.625075502643685277e-01 -2.982477047902583056e-01
2.329000000000000000e+03 1.418005978941106946e+02 -7.874201223768450220e+00 -8.026824655931547037e-02 -7.527634528140297654e+00 7.136365896900190298e-02 4.334746191510613578e+00 1.637053620469944293e-01 -3.742722276813752469e-01 -1.785971389245327723e-01
2.390000000000000000e+03 1.330238855983071176e+02 -6.531769578158069578e+00 1.915653899955320205e-01 -5.979547724342578974e+00 -1.963440349970332899e-02 3.005503370613791247e+00 2.885250381820694821e-01 8.914887899500317792e-04 5.928628892229145797e-02
2.451000000000000000e+03 1.206293405730155825e+02 -3.573261156203135336e+00 3.803359673473784286e-02 -3.451770186098996440e+00 -3.647794784568186843e-01 3.017436919422760155e+00 4.288596155951966971e-01 3.013062398302232547e-01 2.916447460795028035e-01
2.512000000000000000e+03 1.075370353489009005e+02 -2.734202517300143409e+00 1.636869868860366672e-01 -3.204174372254990910e+00 -2.796041570423073441e-01 2.828411192569502575e+00 2.274356609013549746e-01 -7.090204606061872861e-02 -1.138021352794893470e-03
2.573000000000000000e+03 9.984864200518953226e+01 -3.787712777241847739e+00 1.470491286345594895e-01 -4.002826420695766885e+00 -2.805828694700857051e-01 3.385873139966587786e+00 2.597345655979328427e-01 3.130233760599981929e-02 1.394040588119932478e-01
2.634000000000000000e+03 9.698145003773791473e+01 -3.675616153498162397e+00 -4.497466622815592119e-02 -4.367857363398385928e+00 3.908042230960407371e-01 2.413600879839380653e+00 -1.238805223087812712e-01 1.081633516391444505e-01 1.103195137662324465e-02
2.695000000000000000e+03 9.203023713376752823e+01 -3.640573299558711895e+00 -4.823287749712407702e-01 -3.105694009570269642e+00 5.649349174666188356e-01 1.760649319855244865e+00 1.704729693871304963e-01 5.958061658764514101e-01 6.669449207231484267e-02
2.756000000000000000e+03 8.631186341467669365e+01 -1.818475168870681280e+00 -7.752541997335132828e-03 -2.164628999262515840e+00 -1.667154354901492774e-01 1.122528111415474816e+00 1.915594572425021180e-01 -2.078999910603358536e-01 7.316837751698487824e-03
2.817000000000000000e+03 7.901543665283486462e+01 -1.273295980202679978e+00 4.231665404589783630e-02 -1.800886446849812472e+00 -1.033934206445480536e-01 1.693060319063513397e+00 -1.702531827282695032e-01 -5.227843237227718376e-01 -1.052833847760725750e-01
2.878000000000000000e+03 7.270391770022332878e+01 -1.388885155914183489e+00 -1.960738606316121957e-01 -1.359070657634272372e+00 2.997435550449061292e-01 1.820517514242522950e+00 1.206846885805140379e-01 1.803343894359181188e-01 -1.256852934428191182e-01
2.939000000000000000e+03 7.128218013249940554e+01 -1.708382821630374693e+00 2.708846621714049441e-01 -2.347130641753390368e+00 -4.909286920311268787e-01 1.870128049655201963e+00 4.006187952728915702e-01 -2.902465801610836782e-01 2.168870229755200940e-01
3.000000000000000000e+03 6.897545144671295247e+01 -1.191096505438286268e+00 -1.742183227675385970e-01 -1.681603423238351436e+00 -2.490126450802067903e-01 7.115981310110683911e-01 -2.777888013545821710e-01 2.221266832633360389e-01 -1.345490089241258014e-01
3.061000000000000000e+03 6.690763046195590391e+01 -9.193022405939184072e-01 -2.383673876640606537e-01 -1.364590203259987256e+00 -3.947855967015596046e-01 1.064229813850575967e-01 -1.029902776322580427e-01 1.866703043069463386e-01 -1.412249230405096534e-02
3.122000000000000000e+03 6.565369672214131924e+01 -2.066818852555233899e-01 -8.796801881741376228e-01 -1.132567138848512345e+00 -3.786912541378478769e-01 7.389345608840884871e-01 -3.654482197739312710e-01 -3.215098624995514909e-01 -3.460367070896289698e-01
3.183000000000000000e+03 6.442111838900349596e+01 -7.657184813557924574e-01 2.751995676100603694e-01 -1.110003987051756180e+00 5.405245275462843280e-01 7.504982792774601563e-01 4.430753029572070956e-01 -1.214904563893001721e-01 -1.176098462296995828e-01
3.244000000000000000e+03 6.337517276776910791e+01 -7.167671363580845334e-01 -2.769289702693180644e-01 -1.193772655234693891e+00 -3.953420770090504410e-02 7.479158265840291087e-01 -1.352894152164493824e-01 -4.707433204175692776e-01 -5.543050954508779160e-01
3.305000000000000000e+03 6.306953260099841430e+01 -1.418349581298922857e+00 1.160174730998777826e-01 -1.437068832418720410e+00 2.734173632319222835e-01 5.058951865563529049e-01 3.018459949968209377e-02 -6.093115117331669717e-02 -8.010921748226323968e-02
3.366000000000000000e+03 6.286844569792146586e+01 -1.030653031748948179e+00 3.326554100040116646e-01 -4.663026658711517114e-01 -2.757401206290213125e-01 2.444887109701573413e-01 9.644111557389521694e-02 -4.606278693602201824e-02 4.740457369608381821e-01
3.447000000000000000e+03 6.252096679160734993e+01 -9.185712728887083234e-01 4.847257422120770931e-02 -1.199402640547463372e-01 3.963690004476951717e-02 1.722478191732236263e-01 -3.218652959275712377e-01 -2.516074545619945146e-01 -1.964846249845237369e-01
3.548000000000000000e+03 6.163537842956554869e+01 -8.514855717923824896e-01 -2.048419706853884803e-01 4.876331524467514278e-02 6.897671658247459536e-01 8.528076796450351216e-02 3.909102655024826456e-01 -2.376458525600683158e-02 -5.078045863221971601e-01
3.649000000000000000e+03 6.256566264187766535e+01 -5.477760810680544212e-01 2.163113319396592626e-01 -7.955164694283474169e-01 -3.646615452379005640e-01 7.512328915892079184e-01 -4.123160374295437025e-02 2.216577079684385887e-01 1.083358070755145175e-01
3.750000000000000000e+03 6.479747416271325733e+01 -2.337683158504922920e-01 -1.424566968861544214e-01 -3.756370513661695387e-01 2.245821728938401374e-01 1.997092854439094511e-01 -1.249292010559641813e-01 2.164238901387023073e-01 4.625352403467749424e-02
3.851000000000000000e+03 6.616479456251580871e+01 -5.946409365444239592e-01 -4.071162193134409413e-01 -1.553782504978066525e-01 3.648298873089626526e-01 1.469952788430086144e-01 -2.771640199696769891e-01 -2.316328270593442096e-01 7.461706019969273351e-02
3.952000000000000000e+03 6.803213066452650537e+01 -3.146259722631906675e-01 -7.117251441340746165e-01 2.656707187270984094e-01 3.265643122478588678e-01 1.231001206404181703e-01 8.029434068157177695e-02 1.575339635391506399e-01 2.815974580364528912e-02
4.053000000000000000e+03 6.931672677735588195e+01 2.572016013349854857e-01 -7.080646777096248901e-01 1.450533152064422682e-01 -8.356797001620184240e-01 6.667184953636611233e-01 1.990552117482901340e-01 1.281518343850412689e-01 5.954741865157598957e-01
4.154000000000000000e+03 7.134238510955262313e+01 6.464760625023879825e-03 -2.702768719466940306e-01 3.993956678009489836e-01 -3.796761808113013892e-01 3.281611223484602879e-01 -1.117490561880624400e-01 -1.785405648489259145e-02 4.011745308650497277e-01
4.255000000000000000e+03 7.339050801650647315e+01 -8.071939623377215600e-01 -9.192644532967303439e-02 -2.887413675096346388e-01 5.330574872900585293e-01 -1.602612845140599096e-01 -5.702421603039894982e-03 2.447570391703188242e-01 -6.315192298665329718e-01
4.356000000000000000e+03 7.674992044438266703e+01 -9.217142482535297665e-01 -3.334628008816334921e-01 5.473905436157369131e-01 -1.058745518874640856e+00 6.375037982965190420e-01 -2.956015947522879217e-01 6.394855647375476959e-01 3.784292470659871843e-01
4.457000000000000000e+03 7.821381865421940915e+01 2.190456271036853586e-01 1.128556698892790588e-01 -1.012050694751736257e+00 1.094829897150248477e-03 -5.468861753068807730e-01 8.100407970778000788e-01 -3.870941146169268876e-01 8.459179276871213737e-01
4.558000000000000000e+03 8.124138734727034716e+01 3.491801292354720920e-01 1.658092425708298789e-01 -2.577660283553525611e-01 -6.086084071536851381e-02 1.087735727701152622e-01 1.871053136377454906e-01 -4.453548193985826797e-01 -8.787618747178522760e-01
4.659000000000000000e+03 8.368906930919453657e+01 3.224673709756320505e-03 1.318377636370798855e-01 -7.047179376243437043e-02 5.034995623498349226e-02 -9.032426915969854475e-02 3.587036937783431023e-01 -5.811982129024448884e-01 -3.481555202380508945e-02
4.760000000000000000e+03 8.622614259138988757e+01 3.998268247719530821e-01 -8.863076032530173287e-02 4.560219166297605486e-01 3.865191975730430940e-01 1.061306832914564457e-01 1.020338800318593975e-01 2.560398306202774643e-01 1.629978299761433158e-01
4.861000000000000000e+03 8.994290556321618624e+01 -6.876547058949289415e-01 -2.939033393735118183e-01 -5.409212602621530364e-01 -1.296155130103675557e-01 -6.156656651478364939e-01 -1.155622715432831071e-01 9.001644179617100949e-01 5.477325043061765930e-01
4.962000000000000000e+03 9.222961821846598696e+01 -2.413778822018561865e-01 8.049534805463884335e-02 7.981718220674913766e-01 1.917758083851146544e-01 -8.870372210536798807e-01 -6.716152053845914072e-01 -1.854685714168127775e-02 7.661902658521102527e-02
5.063000000000000000e+03 9.645841117481884908e+01 -5.290821807274751487e-01 2.713765319760746419e-01 -9.119390655359083109e-02 5.657070623338442683e-01 -3.677099119447618802e-01 4.671145842600917808e-01 -1.142534775730634777e-01 5.460609861934693221e-01
5.164000000000000000e+03 9.880180404747142120e+01 4.267791045501601044e-02 1.507280687287085308e-01 -7.731660389418627544e-01 -1.316535469681453796e-01 8.294999779631762049e-01 -5.448433829618960500e-01 1.284490258486908898e+00 5.070965657833274021e-01
5.265000000000000000e+03 1.007257482794987880e+02 1.664422205778162966e-01 2.130185410556137970e-01 4.819003924244998349e-01 4.091656518050928448e-01 -1.270776193549607802e+00 -1.275641917449596985e-01 -2.350246197262023662e-01 -3.708229902815141088e-01
5.366000000000000000e+03 1.046364153890134219e+02 4.167074122660031632e-01 1.005673613444950432e+00 7.791770848826513607e-01 2.533962123165391933e-01 7.113343112556577696e-02 -3.479992150803345452e-01 2.585501526198391575e-02 2.919319100307107284e-01
5.467000000000000000e+03 1.072375192071567085e+02 -3.310823006791520640e-01 -1.144115887053179126e+00 -1.268869022413542824e+00 1.006127056793200136e+00 -6.881978134036900174e-01 -1.496123067197826062e+00 4.226045484088027937e-01 4.922208519504154833e-01
5.568000000000000000e+03 1.117328547132674714e+02 -3.612424721104318670e-01 -6.606501852483998016e-01 -3.671617508435941479e-01 2.523006762238010348e-01 9.204400123126142974e-01 4.886269890734958321e-01 2.940588074115149664e-01 -5.177372268962621149e-02
5.669000000000000000e+03 1.148881273583448035e+02 -1.933970246114316005e-01 8.877308463044824016e-01 -1.049530391245368843e+00 8.034169556280207347e-01 -5.505029926206120860e-01 -1.519305234681938011e+00 8.517177482974006564e-01 -1.433871197438389422e-01
5.770000000000000000e+03 1.177787307397991299e+02 -7.358059311358915444e-01 2.590460757871123620e-01 5.060081352384471209e-01 -3.501078262787751250e-01 6.404612664225257657e-01 -5.800223172845693220e-01 5.845802539021456301e-01 -2.009125091859212398e-02
5.871000000000000000e+03 1.224592444345047966e+02 -8.234202384975750633e-01 -9.779216344309751840e-02 1.113347151875117014e+00 -4.664288764516557606e-01 1.026537416226457333e+00 -6.427443907542927937e-01 1.025372047750131799e+00 1.608819737739406230e+00
