# l Dl_TT Dl_TE Dl_TB Dl_ET Dl_BT Dl_EE Dl_EB Dl_BE Dl_BB
7.050000000000000000e+01 1.947006858273439775e+03 -8.169916438114086077e+00 5.962008747379434759e-01 -7.606194430066745227e+00 4.368563955271114185e-01 3.705140414129327597e-01 1.147833178321631259e-02 9.018619884911810783e-03 -6.960566873617960587e-03
1.065000000000000000e+02 2.941686766652917868e+03 -2.773410674418568789e+01 -4.697385246332415609e-01 -2.865566884766331057e+01 -8.608108902982867239e-01 8.647557371683495253e-01 -3.137636510439034687e-02 -2.055027506206553306e-02 -1.053291943066996667e-02
1.425000000000000000e+02 4.130149581509100244e+03 -4.511924432640945781e+01 -7.284726955328089115e-01 -4.468030827352058054e+01 -2.261811971481040850e-01 1.134349087467142692e+00 -2.838709158368041795e-03 -4.273609434763634210e-03 -4.658638095318288954e-04
1.785000000000000000e+02 5.133824686992485113e+03 -3.661562825790341691e+01 -4.481389717748393009e-01 -3.587245491101806749e+01 -2.418601664745853586e-02 8.292736965123534976e-01 1.772411739555529442e-03 -2.136366122375035759e-02 -3.864674087086916038e-04
2.145000000000000000e+02 5.745053097721542144e+03 6.101120642908574254e+00 1.090910201103615085e-01 5.148439997970659654e+00 9.099071259653923605e-04 8.218409563673579887e-01 -1.267754153481431834e-03 -1.141346708368896207e-03 2.302094657314242981e-02
2.505000000000000000e+02 5.227831655518069965e+03 6.288368946578709995e+01 2.779836364764437517e-02 6.324117966298166493e+01 -1.118185330476796358e-01 2.467318748077688362e+00 -1.078476400903468323e-02 -5.307759092220901490e-03 -8.666056694150651996e-03
2.865000000000000000e+02 4.584676214634561802e+03 1.088053098061714934e+02 -4.680615595339575608e-01 1.094640673268893494e+02 1.396648599674501501e-01 6.863769503750178913e+00 -3.453827537740163794e-02 -2.544365217415750502e-02 -7.072640548190978552e-03
3.225000000000000000e+02 3.367962582529443353e+03 1.143656134286046324e+02 3.516999974860908207e-01 1.145691456013380360e+02 8.110050078604592594e-01 1.324171016205100315e+01 7.462717028043394651e-02 2.685147734809798653e-02 4.120543822346092733e-02
3.585000000000000000e+02 2.234339979422300075e+03 7.452084878258571621e+01 7.378609652882117675e-01 7.405453648827408131e+01 2.791961702118229693e-01 1.883841678440682799e+01 -6.226223247857341769e-02 2.022242014327031712e-02 3.092684347943635420e-02
3.945000000000000000e+02 1.790103255130864909e+03 1.010843997115910575e+01 -5.766406649994050282e-01 1.041714759959991454e+01 -5.051924109932723894e-01 2.167185447334707860e+01 -2.942997129706180492e-02 -8.993169045898495584e-03 6.730890256786467574e-02
4.305000000000000000e+02 1.805854129240664179e+03 -4.999039836143901994e+01 4.893589704316601563e-01 -5.019108436544167517e+01 3.232130923225639552e-01 1.954271648296750641e+01 -4.448883502948709767e-02 -9.078320590774829890e-02 4.264798421217585317e-02
4.665000000000000000e+02 2.100569574229159116e+03 -7.289433941050054955e+01 -3.101846848126984524e-01 -7.303699943571612607e+01 -5.967616055016181642e-01 1.328085803517515551e+01 -1.248304123038385810e-02 3.481509344065669004e-03 9.062701793111749282e-02
5.025000000000000000e+02 2.477153681224564025e+03 -5.526824895676498528e+01 -1.065192626759479677e-01 -5.510892429303886075e+01 4.283814015856132196e-01 8.150234202292141461e+00 4.843631249497325902e-02 -4.498766104703121570e-03 2.351389608599055783e-02
5.385000000000000000e+02 2.579580018332255349e+03 -1.307811009937297086e+01 1.693546512552815686e-01 -1.351703972244593466e+01 -5.348728483017345381e-03 7.418043929021614247e+00 9.019679692932439097e-02 4.296131773073266075e-02 3.587232561179461154e-02
5.745000000000000000e+02 2.494617921398347789e+03 2.468342409632244028e+01 -9.947929876479155720e-01 2.481746336257490526e+01 -9.285742356455759516e-01 1.311791906907676264e+01 1.544596465776640684e-02 -4.962708246656834243e-02 9.443950557761091047e-02
6.105000000000000000e+02 2.122947225862144478e+03 2.577096362043874933e+01 -9.048427604298504567e-01 2.574987682023785851e+01 -6.804695396225878268e-01 2.222575812706831044e+01 3.721386370393812981e-02 7.485860713291313251e-02 6.925766820470209695e-02
6.465000000000000000e+02 1.887138909793752191e+03 -1.003432407425406048e+01 -1.342101026626146609e+00 -9.970541810247599557e+00 -7.547232837635571290e-01 3.305758109384461108e+01 8.843376417684376684e-03 -8.010807834537249372e-02 9.028104238400458392e-02
6.825000000000000000e+02 1.803823633541749132e+03 -6.875329100440484353e+01 2.647039307992330448e-01 -6.862298876905575185e+01 -8.185672576023310665e-01 3.754357218168986776e+01 -4.891042335241063688e-02 -5.264943387931252800e-02 1.186205016927402017e-01
7.185000000000000000e+02 1.991769314870432027e+03 -1.176817594613082463e+02 3.552155119504576408e-01 -1.180513229723493396e+02 3.297517710953832837e-01 3.460986119688116958e+01 -3.402415602677798245e-02 -8.866311578646227098e-02 1.028842156891799364e-01
7.545000000000000000e+02 2.249105003839178607e+03 -1.320907035670183518e+02 3.267379660116950801e-02 -1.320887979228993458e+02 -1.617660966463223549e-01 2.691261296755024546e+01 -6.785707871581454775e-02 8.258973632267106735e-02 6.958172969175865918e-02
7.905000000000000000e+02 2.486513393594686931e+03 -1.043635770045914626e+02 -2.105553474127117020e-01 -1.040418113539772378e+02 2.089170305282084250e-01 1.760099783452900724e+01 -2.879533780392722064e-02 -5.564299034325080606e-02 3.193423454489634911e-02
8.265000000000000000e+02 2.510522622805589435e+03 -4.404895093328453015e+01 -3.995082454550141771e-01 -4.369444149030987035e+01 2.999921691554667813e-01 1.279527982543003617e+01 -3.876952770704537171e-02 -5.338475823522891017e-02 6.923885745206140307e-02
8.625000000000000000e+02 2.315984936421627026e+03 1.848447739164614489e+01 -3.349826133905098313e-01 1.896897822207676398e+01 7.686497469926472093e-01 1.474497548735974739e+01 1.047724284294779609e-02 -3.390365637965747636e-02 1.451422378465644369e-01
8.985000000000000000e+02 1.877109635730722403e+03 5.345159944504342775e+01 -2.464896513832764702e-01 5.300063240542611709e+01 4.379647213210086099e-01 2.330796369841594640e+01 3.044434351677982598e-02 -2.370806958631203887e-02 1.468789072995636547e-01
9.345000000000000000e+02 1.529336686724577476e+03 5.286173669875746128e+01 -2.190321465124434597e-01 5.291607815426424111e+01 -1.522335607927272072e-01 3.397736411260726186e+01 5.651692367121004257e-02 -1.792061391839672863e-03 3.796279831618654121e-02
9.705000000000000000e+02 1.177518227324210784e+03 1.471509176447878176e+01 1.278752058158548754e-01 1.447758716183825811e+01 -1.041584543437445998e-01 4.103789207642444836e+01 6.988816495897508252e-02 8.612453818336622546e-02 1.028170149898162411e-01
1.006500000000000000e+03 1.047308067116010534e+03 -3.256025159815982306e+01 6.679345035660704255e-01 -3.181809285425036293e+01 -6.931569534586021208e-02 4.094206875747983787e+01 8.245086569376269825e-02 -4.896968248488423742e-02 1.155778706613368595e-01
1.042500000000000000e+03 1.068044708870950899e+03 -6.781254047796601014e+01 -2.273883109187994078e-01 -6.728227374955763196e+01 -2.829078083235122554e-01 3.529515860206470279e+01 1.495390535679330668e-01 9.748806206969280741e-02 1.475491777857124709e-01
1.078500000000000000e+03 1.145830776504117466e+03 -7.694057552408816036e+01 8.476749250233369670e-01 -7.684488021250426470e+01 4.722165795527295540e-01 2.554693162890155378e+01 -4.641572144469569700e-02 -2.547423994149419779e-02 1.222097823367948033e-01
1.114500000000000000e+03 1.221344177886333910e+03 -5.840382854665008239e+01 -2.527402570363491696e-01 -5.886143781151747589e+01 -4.960100854033033246e-01 1.674548970915473944e+01 1.661025712284250333e-02 1.630850275777447067e-02 1.132015112532760992e-01
1.150500000000000000e+03 1.204813486413007467e+03 -2.907605086770524494e+01 -1.334010182281187173e+00 -2.922148970669419299e+01 2.360501813464175314e-01 1.350608026965596054e+01 1.162406320934948334e-01 -3.109481564556740643e-02 9.448736733470243510e-02
1.186500000000000000e+03 1.112077362321521832e+03 -3.041619030218063457e+00 -3.111348595777901904e-01 -3.002569121114215811e+00 -6.143001682135418307e-01 1.588089462975772292e+01 -6.109656146803466026e-02 -8.061456521991225421e-02 7.559982714728373521e-02
1.222500000000000000e+03 9.532429373080142341e+02 5.835424317816952922e+00 6.026691917717913460e-01 5.104719283897955151e+00 -6.058200384416878581e-02 2.135669287144997242e+01 -2.139524750824392529e-01 3.929820530104138204e-02 1.351820431078570306e-01
1.258500000000000000e+03 8.146908959501081426e+02 -4.933028475115805556e+00 9.575465982203648085e-01 -5.291748866434163645e+00 8.684155023492861059e-01 2.761030285854975119e+01 -1.342779795998700829e-02 1.743512764005810192e-02 1.064014152111318195e-01
1.294500000000000000e+03 7.255245065959065869e+02 -2.803561796061289613e+01 -3.442703472434221479e-01 -2.839317421536048158e+01 6.162512184101356372e-01 2.980569087658579974e+01 -1.315989419814098393e-01 -4.714568606352102786e-03 1.973041765761168048e-02
1.330500000000000000e+03 7.187385347328513490e+02 -4.929194333573431663e+01 -8.357736352124336965e-02 -4.928004170252229699e+01 -2.092220082651393143e-01 2.829692727881847958e+01 1.508609551172761243e-03 -7.166689709983511958e-02 2.158896589782911546e-01
1.366500000000000000e+03 7.613881582242853483e+02 -6.011171477977605804e+01 1.245237638915870637e-01 -5.889291362557232645e+01 -1.084164832761077557e-01 2.315587902071427351e+01 -1.142972573979171569e-02 -1.076353446346183657e-02 1.173091048359980737e-01
1.402500000000000000e+03 8.128159540225971114e+02 -5.302705860149605854e+01 -7.188184453204876645e-02 -5.306370698100927541e+01 -1.639247626468618435e-01 1.676464605326489732e+01 1.235896003171750024e-01 -8.545357459976468673e-02 9.080972339839735175e-02
1.438500000000000000e+03 8.004465790041238051e+02 -3.515633506975845535e+01 -2.065234662928352449e-01 -3.412003637940598821e+01 2.508529245858954204e-01 1.242454244307246825e+01 -9.487077931661677677e-02 4.254538544486208274e-02 1.091197998360147053e-01
1.474500000000000000e+03 7.526535687616642463e+02 -1.197605272031357160e+01 1.289645154647821867e-01 -1.206841518801225988e+01 1.426792067722615354e-02 1.137865971837016232e+01 8.333270008707538423e-02 -4.905346275288342134e-03 1.479780410463240325e-01
1.510500000000000000e+03 6.506306498028855003e+02 2.920127219795898732e+00 2.518809968196350502e-02 2.780528914149813957e+00 -2.223398383962508773e-01 1.319902743369448572e+01 -3.501390290577023612e-02 -1.122236141462264192e-01 -1.455918288991619840e-02
1.546500000000000000e+03 5.489300802471811949e+02 6.147443668523769666e+00 -4.425625541025442478e-01 6.485558261781465106e+00 -1.862997911702896636e-01 1.731343767135441425e+01 -9.593015596150708535e-02 -3.673897872951256693e-02 -3.679134634773031237e-02
1.582500000000000000e+03 4.558091984012459648e+02 -2.026462452132695713e+00 -7.953846464539288119e-02 -2.236524133609100851e+00 5.012165369168883888e-01 1.978662070118213734e+01 -2.073438171999801571e-02 -1.516100930555227544e-01 7.557766886450077715e-02
1.618500000000000000e+03 4.088405038534501728e+02 -1.538620368828248175e+01 7.008351451804728516e-02 -1.491744412476920623e+01 2.189556553552853002e-01 2.055975939446663148e+01 8.903246191170273438e-02 5.534109693028478084e-03 4.097978199861040949e-02
1.654500000000000000e+03 3.886408773755318293e+02 -2.562888163818472975e+01 -3.999339194351608090e-02 -2.557160980075412482e+01 4.475204451533644212e-01 1.866921513788878428e+01 1.522093001310154126e-02 8.215735250468629569e-02 1.376639329030576384e-02
1.690500000000000000e+03 3.949424140274515480e+02 -2.964351249089609297e+01 9.371180543151219622e-02 -3.033400982295945170e+01 -3.631988051613688206e-03 1.475558552306664950e+01 2.773624096981675696e-02 -7.096457664586443281e-02 5.104956282060565953e-02
1.726500000000000000e+03 3.963847589292963676e+02 -2.673628153375999617e+01 -1.819491014456525446e-01 -2.656962574010778155e+01 9.820036168039113222e-02 1.113086166467838112e+01 4.280207655124428079e-02 1.920136629895814739e-02 7.960232413419487951e-02
1.762500000000000000e+03 3.889362808507638647e+02 -1.831330343765377933e+01 -2.500848707818625893e-01 -1.837513535003655818e+01 1.243207869963748602e-02 8.384085427320870920e+00 1.414266388181399103e-01 1.199340688320802914e-02 -4.484723167726763909e-02
1.798500000000000000e+03 3.601968366198681792e+02 -1.107921529165019869e+01 8.717734431959840713e-02 -1.035273734540915314e+01 2.220791746083643492e-01 7.952504847239051600e+00 6.079387811506110906e-02 -2.653756611992998116e-03 1.463259552482661374e-01
1.834500000000000000e+03 3.201886046118796685e+02 -5.043702723979240687e+00 1.772556166535534938e-01 -5.771428125739047843e+00 -8.419823275165633225e-03 8.798110553203063233e+00 -6.539143503301744764e-02 -8.244078184984635072e-02 9.737877812407670641e-02
1.870500000000000000e+03 2.778504601502030482e+02 -5.497524148831701041e+00 1.295568428090511093e-01 -5.240701292794587296e+00 1.277223605007079543e-01 9.906151172645627057e+00 2.146565932552206291e-01 -6.610890180660132509e-02 1.084550079506154951e-01
1.906500000000000000e+03 2.468796700239312258e+02 -9.813696794986071836e+00 5.074510691315644584e-01 -9.569741270429823032e+00 -7.828488236292077684e-02 1.132949996060028397e+01 4.818671081759719199e-02 -5.057832948822435504e-02 4.370725877364929624e-02
1.942500000000000000e+03 2.367628785244743312e+02 -1.451468738471733744e+01 2.720548696072302985e-01 -1.460619514272029207e+01 9.336367574036373573e-02 1.097893708984227601e+01 -8.759940585545886171e-02 4.107596993923059991e-02 1.155439295827442592e-01
1.978500000000000000e+03 2.308474937569511098e+02 -1.799975123301097213e+01 3.821809236050983244e-02 -1.861192290520171611e+01 1.838926609184791672e-01 9.870159766990569850e+00 -2.701520726804330572e-02 -2.002244740541199441e-01 2.597493572134280948e-02
2.014500000000000000e+03 2.306235672536020331e+02 -1.709227523688728922e+01 7.736238095228961664e-02 -1.739190455493794474e+01 -2.128741292382738404e-01 7.773986955887949080e+00 1.379318048744525294e-02 4.786078070610762930e-02 1.660280760288772584e-01
2.050500000000000000e+03 2.261349394516491316e+02 -1.434108271279399283e+01 3.912118015823410344e-01 -1.419773414829423785e+01 1.188016060753006586e-01 6.289073241012966164e+00 5.505519860865206588e-02 7.995020171042963031e-03 8.886471510109981986e-02
2.086500000000000000e+03 2.134698480278046304e+02 -9.383088122871264147e+00 4.694579183016244217e-01 -9.395547712940611973e+00 1.052443060314935397e-01 5.014726527219226959e+00 -4.057918457773029841e-02 1.107461143859708452e-01 6.501968545827159496e-02
2.122500000000000000e+03 1.929061942993787966e+02 -5.311079103570459203e+00 3.347454721163155567e-01 -5.457449587050250628e+00 -1.681148356046151260e-03 4.898502683800696644e+00 -4.449773573259365594e-02 -7.411867382012959915e-02 1.011078517357821005e-01
2.158500000000000000e+03 1.694724141473301984e+02 -2.837666005406009440e+00 3.149354716503602325e-01 -2.751048402620466682e+00 -2.080530286839551435e-01 5.165819411627623481e+00 2.101905588000931857e-01 -1.248185190442417242e-01 6.905226629866823007e-02
2.207000000000000000e+03 1.403223350336267856e+02 -3.706680843307971429e+00 1.203563995303461448e-01 -4.184470906209294405e+00 1.867130435551386247e-01 6.086741393788392074e+00 -1.718769747289962402e-02 4.733419866073361459e-02 3.939149821582248884e-02
2.268000000000000000e+03 1.195972483776600797e+02 -6.630114679989192794e+00 8.583159116269775679e-02 -6.951814541522074009e+00 -1.778583751515480371e-01 5.797809735505266460e+00 7.193572410774425052e-02 4.167376785574619658e-02 4.031555484838508091e-02
2.329000000000000000e+03 1.119220923972220589e+02 -7.984420979829542908e+00 -6.734391744479904796e-02 -7.992261888615794341e+00 -9.842419876269332957e-02 4.412363381431089415e+00 -6.584575475115057863e-02 -4.924553487377887617e-02 -6.496522161859485944e-02
2.390000000000000000e+03 1.046411017027351988e+02 -5.879323264844819263e+00 1.699816498473370185e-01 -6.056962470266531895e+00 3.199868276218280627e-01 3.393883043808786582e+00 -6.623009883154569455e-02 -1.469783350637855479e-01 6.770017142882552019e-02
2.451000000000000000e+03 9.194051256366461189e+01 -3.577367030261198622e+00 2.487628034169567237e-01 -3.363707524811165417e+00 2.092233771299271267e-02 2.681603477718603301e+00 8.226883969543047348e-03 -1.958260269877832860e-01 -9.892733736395686525e-03
2.512000000000000000e+03 7.647671526114032758e+01 -3.098697512984779578e+00 -1.215470627956436872e-01 -2.899816986681190478e+00 -1.207233237620679578e-01 2.983457475791863711e+00 -2.051462023636205223e-01 -1.446635412460223202e-02 -5.772866331766800252e-02
2.573000000000000000e+03 6.674441983669484557e+01 -3.883601244639637073e+00 -1.062929372350043117e-01 -3.798297912265429677e+00 -1.875352147075548537e-02 3.013451496317786305e+00 -1.055364935488388306e-01 2.027030131407976665e-02 4.865978482751410344e-02
2.634000000000000000e+03 6.255440194531334441e+01 -4.308405503505346346e+00 1.427913644384051772e-01 -4.325048725916568415e+00 1.897091292298087595e-01 2.330141754857180558e+00 -1.597378029728473703e-01 -1.036226782261406854e-01 -1.204259361891184439e-02
2.695000000000000000e+03 5.670905439451159680e+01 -3.211681435945844321e+00 -1.250782764139218572e-01 -3.258986539093412738e+00 -1.729036195471159720e-01 1.756623102224426525e+00 1.655796568551175935e-02 4.011400350383985403e-02 -3.719801708562246734e-02
2.756000000000000000e+03 4.949659112653729665e+01 -1.824265027030038677e+00 9.692333784179543721e-02 -2.140016934230470014e+00 4.846127879389856147e-02 1.439847734548315827e+00 -6.387904505380861964e-03 1.787210289273372665e-01 -1.236581688995375267e-01
2.817000000000000000e+03 4.051791340310430911e+01 -1.512240143890030808e+00 4.274580455827730469e-02 -1.597249745808545285e+00 9.326237378669373357e-02 1.316108133070895025e+00 1.872390660487698727e-02 1.007379317645960282e-01 -1.934200240199710277e-02
2.878000000000000000e+03 3.424514085734412561e+01 -1.680759473143142557e+00 -5.284274128900581791e-02 -1.744919138600043329e+00 -1.616877311538392759e-01 1.566619521764114786e+00 -3.137008498146559021e-01 -1.516290214563900118e-01 1.519552459111211395e-01
2.939000000000000000e+03 3.071957680457094852e+01 -1.718264739248269724e+00 8.221038851847051188e-02 -1.850319361085823289e+00 -1.586397599418658821e-01 1.627165733171882067e+00 -1.070923748634158845e-01 -1.946420490090138011e-02 2.791147205764080153e-01
3.000000000000000000e+03 2.789845740930465467e+01 -1.562612567468113944e+00 1.025531586104447834e-01 -1.612395418521317625e+00 -9.662430631097868039e-02 8.058525436356653859e-01 9.174642498129288726e-02 9.719688656722598463e-02 -1.445799275428401309e-02
3.061000000000000000e+03 2.486484904635790016e+01 -1.277808934144720743e+00 -1.473582221965178130e-01 -1.247782489069922507e+00 -2.705991722377752984e-01 9.402301234959987708e-01 8.883129250864450766e-02 -1.337470147835972401e-01 -7.571722263364891181e-02
3.122000000000000000e+03 2.121405062685064991e+01 -1.145112762757418245e+00 -6.563457581863765822e-02 -8.369993866870335530e-01 -1.953417497435274708e-01 5.718388982974803580e-01 2.545457640734235527e-01 2.187269765368143881e-01 1.221420383111958621e-02
3.183000000000000000e+03 1.842966845034545642e+01 -7.487391897504752647e-01 2.044490435179555782e-02 -8.511671311753360447e-01 1.087380133828497186e-01 6.273746973249494374e-01 -9.670118982236811100e-03 -2.172177265619285591e-01 3.245634268265629174e-02
3.244000000000000000e+03 1.670013882722763654e+01 -9.359277350629637837e-01 1.074560105719019054e-02 -1.158608404258764546e+00 -1.397970868245372311e-01 9.933421561738853267e-01 -1.725483886611880457e-01 -3.053257962028756989e-01 1.296407430592282917e-01
3.305000000000000000e+03 1.461790092103988137e+01 -8.489331058933392571e-01 -8.542449067385436690e-02 -9.116255997370733555e-01 -2.600233585740833187e-01 7.841511531053744211e-01 1.761223749847145026e-01 6.674414495455438523e-02 4.368484084917452492e-02
3.366000000000000000e+03 1.345385312093378616e+01 -6.943473784366263057e-01 -2.824102168004369307e-03 -7.140669322463313318e-01 2.923833810609357403e-02 2.535048143366797624e-01 6.758515292546160569e-02 -5.912702645829925885e-02 1.639359465482528866e-01
3.447000000000000000e+03 1.077952905162608843e+01 -7.780659394659459327e-01 -8.914128791434589028e-02 -5.781487385314738603e-01 -1.456737596793170608e-01 3.205368167392375067e-01 1.188890853253647129e-01 -1.043801519812967149e-01 6.186701483976153604e-04
3.548000000000000000e+03 8.717797057624618873e+00 -3.023802716838966953e-01 3.907545655852892597e-02 -6.361504005313389776e-01 7.749984826370695523e-03 3.480932244583015978e-01 3.644730257457871186e-02 -2.997307576417306829e-01 8.254838836991455764e-02
3.649000000000000000e+03 7.226730870216029778e+00 -4.312262705112444028e-01 8.829788779585782954e-02 -4.777547818919120060e-01 -1.653656897504167736e-02 1.357766618330102648e-01 6.281234983061835531e-02 -4.017814402801744844e-03 1.024801321780434565e-01
3.750000000000000000e+03 6.173703132470905075e+00 -2.090506433684497789e-01 -4.331171164531104345e-02 -4.686953451211306465e-01 -2.616965620007717930e-01 1.377857052453996534e-01 -2.294734518944905599e-01 -3.803034768990330994e-01 1.747228548849233953e-01
3.851000000000000000e+03 4.925439198370320071e+00 -2.516751348189035231e-01 -3.629194134972812957e-05 -2.885313295400581679e-01 2.591166423396905616e-01 1.832765087734537501e-01 -2.353669937770211940e-01 1.456097606778267439e-01 -5.034921016032856134e-01
3.952000000000000000e+03 4.153098780651229838e+00 -1.530477599326749427e-01 -1.252376816948457816e-01 -4.392212242149923923e-02 -8.340304105995351158e-02 2.282297039454766474e-01 1.878456586048301569e-01 -2.319924825444808769e-01 1.082985998497916214e-01
4.053000000000000000e+03 3.631540994711452530e+00 -2.377980611870052496e-01 -1.948591360742890077e-01 -2.313266859632109873e-01 1.721734937773763963e-01 1.463997536538294009e-01 9.045308830540661760e-02 1.563698766533355433e-01 1.163794000879701807e-01
4.154000000000000000e+03 2.981453464160429778e+00 1.030247755088947170e-01 -1.498660176213909012e-01 -3.496558554333363822e-01 -1.249951930415936358e-01 -1.818273618480130138e-01 -2.315690114325099913e-01 2.584509638848050961e-01 2.122525552261692039e-01
4.255000000000000000e+03 2.631316807648038214e+00 2.543928152458356171e-02 3.155512934889926902e-01 -1.034071780876929386e-01 -2.418373624636918351e-01 -1.293081054368269978e-01 -1.665471773969487423e-01 1.779309149569551496e-01 8.033491000002287996e-02
4.356000000000000000e+03 2.120546834223143495e+00 -4.766025385992337382e-01 -1.233204718711401748e-01 -2.422089649781916099e-01 2.174918223430451492e-01 2.167684901269367748e-01 6.188651566326491826e-02 -2.113317658420514056e-01 1.700075187818404776e-01
4.457000000000000000e+03 1.709550552440394444e+00 9.683398195951094245e-02 2.109949582709685911e-03 -1.472299636837379189e-01 2.357246146143213983e-01 -3.386635148533142514e-01 -4.821473179273433329e-02 5.608698761260537680e-01 3.619485787802965704e-01
4.558000000000000000e+03 1.272475435706771130e+00 -2.721577640449016067e-02 -1.104157671726374162e-01 1.267230789545482350e-01 -1.054752160881376050e-01 1.796810805118391197e-01 6.543284960779022219e-02 -2.023694804641460177e-01 -8.533923550133414304e-01
4.659000000000000000e+03 1.437012014558285866e+00 1.629659174227852947e-03 -5.668249010489589956e-02 2.326135080248183107e-03 -6.823105154587645604e-02 3.261541595511773250e-01 -7.039135689955655639e-01 -2.974721779233831520e-01 -2.555395615429179590e-01
4.760000000000000000e+03 1.256104170434652723e+00 -1.062647065481618358e-01 -1.236076841891406569e-01 -1.324137484051128300e-01 6.230718680366748030e-01 -1.627829804682041082e-01 -1.923963846441360259e-01 -3.753186403770958357e-01 4.066239543190106054e-02
4.861000000000000000e+03 8.241633631320757214e-01 -4.533303540699344936e-01 -2.129565741242394616e-01 3.532750687948056356e-01 4.841516096957958482e-01 3.202255210957324350e-01 1.240361411685705351e-01 -3.869893846933478709e-01 1.313378308033086861e-01
4.962000000000000000e+03 5.304189410899969870e-01 -2.270147563327471474e-01 -2.228895244973737311e-01 2.644307385753663642e-03 -5.089635142171644588e-01 -1.096001326529907061e-01 -7.461337734055416560e-01 -3.573373095006485145e-01 -1.297522234109700079e-01
5.063000000000000000e+03 6.508682960437736087e-01 -2.563594497553411400e-01 -1.306650889490937328e-02 2.087845237254224162e-01 -1.867315891690551899e-02 -6.500640814985936267e-01 -5.883992629308907318e-01 -1.625351572702489478e-01 -5.816801964035861472e-01
5.164000000000000000e+03 8.244372344525552343e-01 -3.630434340158906203e-01 1.323182528694429871e-01 2.887036683590831765e-01 -9.040625205759580951e-02 2.105608619945041893e-01 8.083782336283509840e-02 4.183159019626624953e-01 1.071386121181410855e+00
5.265000000000000000e+03 5.536331411078841969e-01 -8.868660857861537794e-02 8.938565314550859231e-01 -4.917372569171745145e-01 2.073737816986449545e-01 -4.243653856918273015e-01 -3.696031298473539950e-03 -3.918473295448607341e-02 5.295283575247198282e-01
5.366000000000000000e+03 4.291885491553277809e-01 1.665995986698737830e-01 1.815921124662090991e-01 -1.848073438993888540e-01 -4.437315518716564156e-02 6.605883959800812333e-01 6.453353072369206744e-01 -3.235042746529729341e-01 -3.786736034287723762e-01
5.467000000000000000e+03 4.342568616056361464e-01 2.039389653230543331e-01 1.690750170802065577e-01 -4.339997031312517461e-01 -1.329148881564426732e-01 6.981706216992673575e-01 -2.008262162156146946e-01 -1.821442926669299966e-01 1.179707429318658241e+00
5.568000000000000000e+03 8.185470506865955009e-01 7.185912335159767572e-01 -7.448684660368081190e-01 -6.241247959916518262e-01 4.241383535900867252e-01 3.752846558063369087e-01 9.932108650163277153e-01 7.411525346794290980e-01 6.755264313692650457e-01
5.669000000000000000e+03 -5.179168513268109231e-02 -5.013224645294077630e-01 7.347063870092486182e-01 1.068629082804485875e-01 4.072283423335674168e-01 1.485164864662059381e-01 -6.095592358708394887e-01 8.838419348094821437e-01 1.067414410025109950e+00
5.770000000000000000e+03 8.190105057138483136e-02 -4.861623969560389114e-01 -2.790608429015635772e-01 -7.715324322242483879e-01 5.049506903006520941e-01 5.852872598508943591e-01 3.264933562677351797e-01 3.190297456431218093e-02 1.016494340713109401e-01
5.871000000000000000e+03 1.488014232789360292e-01 -1.393979820032767991e-01 1.054142327613088792e+00 -8.466783780373479118e-01 -3.796195077657634198e-01 -1.564288563718557179e-01 -3.416895493377958282e-02 -1.212645481760579624e+00 1.384323349337179376e+00
