# l Dl_TT Dl_TE Dl_TB Dl_ET Dl_BT Dl_EE Dl_EB Dl_BE Dl_BB
7.050000000000000000e+01 3.237312327156932952e+03 -6.861356445696946693e+00 -1.151779114157752737e+01 -6.861356445696946693e+00 -1.151779114157752737e+01 4.298532340659773632e-01 3.884905178118428642e-02 3.884905178118429336e-02 -7.682447959475448285e-02
1.065000000000000000e+02 2.921789022530367674e+03 -2.697933853025413953e+01 -9.476190537976378891e+00 -2.697933853025413953e+01 -9.476190537976378891e+00 7.345959662599732543e-01 8.528823850872205292e-02 8.528823850872205292e-02 5.653509125088685555e-02
1.425000000000000000e+02 4.602232143874210124e+03 -4.562745594768841784e+01 -5.540740827106133359e+00 -4.562745594768841784e+01 -5.540740827106133359e+00 1.090399964692420065e+00 -4.900686438436036019e-02 -4.900686438436036019e-02 1.725397775953869950e-02
1.785000000000000000e+02 4.890512272131839381e+03 -3.756510077911244139e+01 -3.072714636648244735e+00 -3.756510077911244139e+01 -3.072714636648244735e+00 8.845582043929139937e-01 1.094470281731478867e-01 1.094470281731478867e-01 1.038189204621320881e-02
2.145000000000000000e+02 6.062699926498054083e+03 7.137256379419961050e+00 9.951387049873459123e-01 7.137256379419961050e+00 9.951387049873459123e-01 5.547460872996741177e-01 7.827670845923929976e-02 7.827670845923932752e-02 1.167152629954895243e-01
2.505000000000000000e+02 5.072441431044502679e+03 6.082022568688531550e+01 -2.996412391146242804e+00 6.082022568688531550e+01 -2.996412391146242804e+00 2.626020350355731559e+00 -1.556211111842834283e-01 -1.556211111842834283e-01 -4.249917923183135771e-02
2.865000000000000000e+02 4.487722826123610503e+03 1.098716042204000871e+02 -1.197800156901183355e+00 1.098716042204000871e+02 -1.197800156901183355e+00 7.086845283258750072e+00 -4.998274976569368894e-02 -4.998274976569370281e-02 4.360288706427047425e-03
3.225000000000000000e+02 3.379814408881105464e+03 1.180528704119926715e+02 -1.196518485260862796e+00 1.180528704119926715e+02 -1.196518485260862796e+00 1.353075787242072359e+01 -7.033848457840931323e-02 -7.033848457840929935e-02 1.948308325221222506e-02
3.585000000000000000e+02 2.346553522271338352e+03 7.644021105625822088e+01 -1.678168581453400865e-01 7.644021105625822088e+01 -1.678168581453400865e-01 1.869048486346101612e+01 1.023998435957203246e-01 1.023998435957203107e-01 1.129906726985563381e-02
3.945000000000000000e+02 1.701437912098266679e+03 1.168066176480111551e+01 -2.074423965624375032e+00 1.168066176480111551e+01 -2.074423965624375032e+00 2.199329318300938496e+01 -4.522242860167451778e-02 -4.522242860167452472e-02 -9.145341569013806793e-02
4.305000000000000000e+02 1.749623769627695538e+03 -4.504062449799091894e+01 -1.776564391411153743e+00 -4.504062449799091894e+01 -1.776564391411153743e+00 1.934956106510532337e+01 -1.797252151540137954e-01 -1.797252151540137954e-01 1.714361464799198098e-01
4.665000000000000000e+02 2.079785285086577005e+03 -7.425426851693745789e+01 -7.969353275346049426e-01 -7.425426851693745789e+01 -7.969353275346049426e-01 1.355254720183304329e+01 -6.724175529050330224e-02 -6.724175529050327449e-02 9.718734677583154569e-02
5.025000000000000000e+02 2.413053886460677859e+03 -5.520059330266218467e+01 2.417163019778690636e+00 -5.520059330266218467e+01 2.417163019778690636e+00 8.191853170416901975e+00 3.991186768507133664e-02 3.991186768507135052e-02 9.752261837369546882e-02
5.385000000000000000e+02 2.618004637559283310e+03 -1.087666977849084660e+01 1.716324241871791667e+00 -1.087666977849084660e+01 1.716324241871791667e+00 7.719490633282362957e+00 -2.456812607320931763e-01 -2.456812607320932318e-01 4.642571080673969786e-02
5.745000000000000000e+02 2.490056211999406969e+03 2.449004282050118775e+01 -5.974335288880243677e-01 2.449004282050118775e+01 -5.974335288880243677e-01 1.325030621348474469e+01 2.277829397982832904e-01 2.277829397982832904e-01 1.209929124388207239e-01
6.105000000000000000e+02 2.111993303512717375e+03 2.644900268924465081e+01 -1.332396421275553466e-01 2.644900268924465081e+01 -1.332396421275553466e-01 2.249788070559568709e+01 -1.495148299481694476e-01 -1.495148299481694754e-01 5.052851397904067898e-01
6.465000000000000000e+02 1.894753253531761629e+03 -1.319454776649519445e+01 -7.964697450024180725e-01 -1.319454776649519445e+01 -7.964697450024180725e-01 3.307353821061569477e+01 -4.137973747657032464e-02 -4.137973747657042178e-02 -9.429644734642803061e-02
6.825000000000000000e+02 1.809120702595190323e+03 -7.176446134365323815e+01 4.339922589183495827e-01 -7.176446134365323815e+01 4.339922589183495827e-01 3.723878475419313361e+01 3.231250720243158403e-01 3.231250720243157293e-01 1.417262889701190534e-02
7.185000000000000000e+02 1.973853129339145198e+03 -1.179234253967783985e+02 1.178185320302904904e+00 -1.179234253967783985e+02 1.178185320302904904e+00 3.510940815148065752e+01 -8.977366652111164191e-02 -8.977366652111166967e-02 1.264125152307563060e-01
7.545000000000000000e+02 2.273349270314834939e+03 -1.341005255527826989e+02 5.282012672870937120e-01 -1.341005255527826989e+02 5.282012672870937120e-01 2.794948888089563965e+01 5.457962335039092672e-01 5.457962335039094892e-01 -1.781623046712715319e-01
7.905000000000000000e+02 2.471898503308038016e+03 -1.021446301328763298e+02 -1.179720774000692751e+00 -1.021446301328763298e+02 -1.179720774000692751e+00 1.756257317516589467e+01 -1.416789982525672176e-01 -1.416789982525673286e-01 1.278114701135280896e-02
8.265000000000000000e+02 2.485952677883621163e+03 -4.385730588355220050e+01 -5.916574351017356292e-01 -4.385730588355220050e+01 -5.916574351017356292e-01 1.246197856088533307e+01 -7.780138937098146634e-02 -7.780138937098145246e-02 1.782727958790172873e-01
8.625000000000000000e+02 2.290540462791183472e+03 1.740292892320324469e+01 6.180572428513259053e-01 1.740292892320324469e+01 6.180572428513259053e-01 1.444126396954179015e+01 9.907398256352176191e-02 9.907398256352173416e-02 4.405643751252269480e-01
8.985000000000000000e+02 1.884126320384468954e+03 5.131833000445782034e+01 -3.374250673987689852e-01 5.131833000445782034e+01 -3.374250673987689852e-01 2.335364349441958609e+01 -1.677525015580897949e-01 -1.677525015580897394e-01 3.220892262878877199e-01
9.345000000000000000e+02 1.534857051723561426e+03 5.108274610039715924e+01 -5.638072331373555901e-02 5.108274610039715924e+01 -5.638072331373555901e-02 3.424173320598090697e+01 -3.022246962076455823e-01 -3.022246962076456933e-01 2.346804697076242396e-01
9.705000000000000000e+02 1.178436490147196082e+03 1.444088136410249490e+01 -1.696831197964945970e+00 1.444088136410249490e+01 -1.696831197964945970e+00 4.123157797651582257e+01 -9.652927570989741635e-02 -9.652927570989741635e-02 2.308371720034924635e-01
1.006500000000000000e+03 1.042426510067828303e+03 -3.319923863919301255e+01 2.107508537165235118e+00 -3.319923863919301255e+01 2.107508537165235118e+00 4.136253123917047247e+01 4.373249233414333581e-02 4.373249233414328030e-02 2.106050517272558265e-01
1.042500000000000000e+03 1.075781444754605673e+03 -6.702107657159655218e+01 3.957393179745867240e-01 -6.702107657159655218e+01 3.957393179745867240e-01 3.500883337185666022e+01 1.185718329959731948e-01 1.185718329959731393e-01 -3.896943607584438252e-01
1.078500000000000000e+03 1.152569014491162989e+03 -7.655311459127497642e+01 2.140266995219500146e+00 -7.655311459127497642e+01 2.140266995219500146e+00 2.520047315762460372e+01 -3.078084220455751807e-01 -3.078084220455752362e-01 -1.047933954624392788e-01
1.114500000000000000e+03 1.229357834641754835e+03 -5.892380812017130864e+01 -6.492279321713234630e-02 -5.892380812017130864e+01 -6.492279321713234630e-02 1.639151024214370622e+01 -4.367000870291246756e-02 -4.367000870291246062e-02 1.912248811016588057e-01
1.150500000000000000e+03 1.201961391921495306e+03 -3.160651714164469439e+01 5.048396329691531292e-01 -3.160651714164469439e+01 5.048396329691531292e-01 1.302748996249896329e+01 3.375824434081568792e-02 3.375824434081566017e-02 3.306495786040462570e-01
1.186500000000000000e+03 1.102646042790040838e+03 -2.436263115259579504e+00 9.782683791464222844e-01 -2.436263115259579504e+00 9.782683791464222844e-01 1.550079424527709016e+01 -1.807181044941187920e-01 -1.807181044941189030e-01 9.035923869444814627e-02
1.222500000000000000e+03 9.505855583772940918e+02 5.036202314638508426e+00 -9.434880749843219672e-01 5.036202314638508426e+00 -9.434880749843219672e-01 2.064217236300244451e+01 -1.818742069529312999e-01 -1.818742069529312999e-01 4.842315839770991448e-02
1.258500000000000000e+03 8.168960544709215128e+02 -7.215204899889133827e+00 8.069319161789556549e-01 -7.215204899889133827e+00 8.069319161789556549e-01 2.769484005405506366e+01 7.319209765513121080e-02 7.319209765513125243e-02 3.219549445586060710e-01
1.294500000000000000e+03 7.250585873886758463e+02 -2.854289205252870687e+01 -1.771494800091923394e-01 -2.854289205252870687e+01 -1.771494800091923394e-01 3.040383808589518821e+01 3.073365571677957528e-02 3.073365571677957181e-02 -8.854319085704621950e-02
1.330500000000000000e+03 7.180544392668017508e+02 -4.748259816600700844e+01 -9.902611875341896797e-01 -4.748259816600700844e+01 -9.902611875341896797e-01 2.785028643826658623e+01 1.651246403010999120e-01 1.651246403010999397e-01 4.914380695172965163e-02
1.366500000000000000e+03 7.729480069417892310e+02 -6.079158981889274571e+01 1.193914254463954716e+00 -6.079158981889274571e+01 1.193914254463954716e+00 2.262550196094964861e+01 2.708853032103739067e-01 2.708853032103739622e-01 -6.204204847613119071e-03
1.402500000000000000e+03 8.104752736043550385e+02 -5.322710880430580005e+01 7.573791517135505247e-01 -5.322710880430580005e+01 7.573791517135505247e-01 1.665397145977284765e+01 -9.693189334307197869e-03 -9.693189334307170113e-03 5.358702306314385710e-01
1.438500000000000000e+03 8.012722143399641936e+02 -3.472301167114420650e+01 2.066456760153047689e+00 -3.472301167114420650e+01 2.066456760153047689e+00 1.224906076960755641e+01 2.191464908439615666e-01 2.191464908439616222e-01 6.082996658965981185e-01
1.474500000000000000e+03 7.522125845443817980e+02 -1.311977171114230600e+01 4.173064085501723697e-02 -1.311977171114230600e+01 4.173064085501723697e-02 1.139906221093399630e+01 7.734035478729708868e-03 7.734035478729701929e-03 1.883635642492476892e-01
1.510500000000000000e+03 6.624070745956196333e+02 5.048605380062980430e+00 -2.286339004867854019e+00 5.048605380062980430e+00 -2.286339004867854019e+00 1.341833591059478259e+01 -1.034181857584734188e-01 -1.034181857584734465e-01 -6.899075818816353435e-03
1.546500000000000000e+03 5.538295916691570255e+02 6.308759279487004434e+00 9.919074977069014531e-01 6.308759279487004434e+00 9.919074977069014531e-01 1.710930241256155782e+01 -1.123759731210419166e-02 -1.123759731210419166e-02 1.696445575641169767e-01
1.582500000000000000e+03 4.513285278012145341e+02 -2.591575146437465893e+00 1.926207165032796542e+00 -2.591575146437465893e+00 1.926207165032796542e+00 2.021344533915559083e+01 -8.608982340704332548e-02 -8.608982340704338099e-02 9.668382299142438963e-02
1.618500000000000000e+03 4.067913957761600159e+02 -1.239365421716507498e+01 -1.512244072217651336e+00 -1.239365421716507498e+01 -1.512244072217651336e+00 2.155660638886586256e+01 -4.463022275334217470e-01 -4.463022275334213584e-01 3.701312306740006108e-01
1.654500000000000000e+03 3.856063770876119747e+02 -2.576539878130279959e+01 -2.151930976939527285e-01 -2.576539878130279959e+01 -2.151930976939527285e-01 1.869713852394643183e+01 6.811749153909669730e-01 6.811749153909669730e-01 8.839082862585294631e-01
1.690500000000000000e+03 4.022852486912739209e+02 -2.866687548630560656e+01 -7.100568274594820650e-01 -2.866687548630560656e+01 -7.100568274594820650e-01 1.378137009214134956e+01 -5.175384578185703299e-01 -5.175384578185702189e-01 3.992829950962006325e-01
1.726500000000000000e+03 3.932875797679540710e+02 -2.566431524210054960e+01 -3.632708483673919297e-01 -2.566431524210054960e+01 -3.632708483673919297e-01 1.037127270651263267e+01 -3.731422247085139920e-01 -3.731422247085139365e-01 -2.287857001156029524e-02
1.762500000000000000e+03 3.910249906225728296e+02 -1.970581631189026695e+01 -1.300688905344742075e-02 -1.970581631189026695e+01 -1.300688905344742075e-02 8.389490098398910689e+00 -2.949856167696752740e-01 -2.949856167696752740e-01 2.569172358130172862e-01
1.798500000000000000e+03 3.631360130219654252e+02 -9.566801573755078891e+00 6.620214098456673746e-01 -9.566801573755078891e+00 6.620214098456673746e-01 7.622219835752940931e+00 5.940021976944174220e-01 5.940021976944174220e-01 -5.388775485481505090e-01
1.834500000000000000e+03 3.212489472907350887e+02 -6.260162039555951630e+00 -6.887159913545153334e-01 -6.260162039555951630e+00 -6.887159913545153334e-01 8.359818406629424103e+00 5.283372249800990517e-01 5.283372249800988296e-01 5.740119519233471967e-01
1.870500000000000000e+03 2.817594116280740764e+02 -4.236812118243175718e+00 1.529250717269412529e+00 -4.236812118243175718e+00 1.529250717269412529e+00 9.852827455042961091e+00 2.271237542560677614e-01 2.271237542560677891e-01 8.532136784884978287e-01
1.906500000000000000e+03 2.471064484042497327e+02 -8.998348910603553463e+00 1.777898746604329450e+00 -8.998348910603553463e+00 1.777898746604329450e+00 1.020901997929201421e+01 -9.207847157403664662e-02 -9.207847157403664662e-02 -3.461727442589857540e-01
1.942500000000000000e+03 2.369394208844069283e+02 -1.412897375311530368e+01 8.742634342231880851e-01 -1.412897375311530368e+01 8.742634342231880851e-01 1.191199060834731327e+01 3.966216223893822557e-01 3.966216223893821446e-01 -6.245509530133491749e-01
1.978500000000000000e+03 2.313084921300008148e+02 -1.739579136065334097e+01 9.261857180642923959e-01 -1.739579136065334097e+01 9.261857180642923959e-01 8.965898933168617191e+00 2.188184524417037258e-01 2.188184524417038090e-01 4.872138987758559137e-02
2.014500000000000000e+03 2.334784787697069532e+02 -1.825223066529968463e+01 -5.024859649278023976e-01 -1.825223066529968463e+01 -5.024859649278023976e-01 8.089983751053223315e+00 -5.674913527024616489e-01 -5.674913527024619819e-01 4.767824159656881000e-01
2.050500000000000000e+03 2.252079779468596143e+02 -1.513910595603126907e+01 7.679291119320225123e-01 -1.513910595603126907e+01 7.679291119320225123e-01 6.038333331354645672e+00 -2.993363657667077460e-01 -2.993363657667076905e-01 4.282530609884377393e-01
2.086500000000000000e+03 2.121575256127513569e+02 -9.403063257773393246e+00 -1.199409038204444444e+00 -9.403063257773393246e+00 -1.199409038204444444e+00 5.949039611999570099e+00 -3.146937554493158817e-01 -3.146937554493156597e-01 6.677007731145495617e-01
2.122500000000000000e+03 1.882012779052953704e+02 -6.595711695054739643e+00 1.370191944080830782e-01 -6.595711695054739643e+00 1.370191944080830782e-01 4.775380805133076834e+00 -1.119195801981370253e-01 -1.119195801981371086e-01 -8.038787046848815121e-02
2.158500000000000000e+03 1.709262277399373318e+02 -3.074212685872199202e+00 3.906703129755016990e-01 -3.074212685872199202e+00 3.906703129755016990e-01 5.856539508807829364e+00 -3.445160019217544112e-01 -3.445160019217543557e-01 -1.365288015922006215e+00
2.207000000000000000e+03 1.420146243458498247e+02 -3.940745638367411097e+00 4.333284052584902568e-01 -3.940745638367411097e+00 4.333284052584902568e-01 5.056790245229256797e+00 1.820265650686466730e-01 1.820265650686467285e-01 -1.191491422330644090e+00
2.268000000000000000e+03 1.185293715937088308e+02 -6.159831127428796904e+00 1.883327911367571605e-02 -6.159831127428796904e+00 1.883327911367571605e-02 6.256505931150988964e+00 6.555540930054091220e-01 6.555540930054087889e-01 2.414466829246068869e-01
2.329000000000000000e+03 1.138275778917254968e+02 -8.414767144789170317e+00 4.113410917665282218e-01 -8.414767144789170317e+00 4.113410917665282218e-01 5.414852707615306571e+00 -1.315000057215965912e-01 -1.315000057215965912e-01 -9.786410524754307616e-01
2.390000000000000000e+03 1.059226966784229944e+02 -5.619574418948457328e+00 2.874608089059245697e-01 -5.619574418948457328e+00 2.874608089059245697e-01 3.706546698031623510e+00 2.078991070948237596e-01 2.078991070948236208e-01 -1.268675406784445681e+00
2.451000000000000000e+03 8.936736967929154218e+01 -3.421679404039187578e+00 -9.912915706612295264e-01 -3.421679404039187578e+00 -9.912915706612295264e-01 2.446777429187768416e+00 -2.395966181567037168e-01 -2.395966181567037168e-01 2.203287885343647168e-01
2.512000000000000000e+03 7.695170622600312527e+01 -3.611566055180327695e+00 2.762387145401535848e-01 -3.611566055180327695e+00 2.762387145401535848e-01 2.233629233420955096e+00 -7.251569639215899032e-02 -7.251569639215899032e-02 1.588595069973188778e+00
2.573000000000000000e+03 6.588511828970895579e+01 -2.906106149927250915e+00 -1.379485057349921995e+00 -2.906106149927250915e+00 -1.379485057349921995e+00 2.827635893783521315e+00 5.428743053117913719e-01 5.428743053117914830e-01 5.652738450460149666e-01
2.634000000000000000e+03 6.209122957463186765e+01 -3.977010485792273897e+00 7.485728149671122544e-02 -3.977010485792273897e+00 7.485728149671122544e-02 1.806451332612112326e+00 1.976633031605901092e-01 1.976633031605901647e-01 -1.316742283949887959e-01
2.695000000000000000e+03 5.691744244225320415e+01 -3.760872636579914108e+00 -4.618736165937664673e-01 -3.760872636579914108e+00 -4.618736165937664673e-01 1.893469094024971655e+00 2.980251509336923621e-01 2.980251509336925841e-01 4.359329036953865644e-01
2.756000000000000000e+03 4.956777122002428371e+01 -2.324491079929296156e+00 -1.457280521051216304e-01 -2.324491079929296156e+00 -1.457280521051216304e-01 1.383808314893506752e+00 -3.329331257245359277e-01 -3.329331257245359277e-01 -1.583004721606876330e+00
2.817000000000000000e+03 3.977270468432863026e+01 -5.587336173459968025e-01 1.707565311168681710e-01 -5.587336173459968025e-01 1.707565311168681710e-01 2.670631801698652552e+00 -2.451949375030323397e-01 -2.451949375030322287e-01 -2.623979546867272195e-01
2.878000000000000000e+03 3.567766745071260459e+01 -2.088615399955482843e+00 6.169824482186185843e-01 -2.088615399955482843e+00 6.169824482186185843e-01 6.323167008128035560e-01 5.579922702281946423e-01 5.579922702281945313e-01 5.210450382940825520e-01
2.939000000000000000e+03 3.005645327776286280e+01 -2.024606918516082654e+00 -3.071367154363175977e-01 -2.024606918516082654e+00 -3.071367154363175977e-01 2.563268738947761083e+00 8.667410401054517211e-01 8.667410401054520541e-01 8.848754319379341648e-01
3.000000000000000000e+03 2.784007667742195125e+01 -6.217072851291614022e-01 -2.482872492141043330e-01 -6.217072851291614022e-01 -2.482872492141043330e-01 5.847770004908021679e-01 -4.242939565746733921e-01 -4.242939565746728925e-01 9.018858356318036895e-01
3.061000000000000000e+03 2.320182285112320031e+01 -6.418559448933605083e-01 4.920394534771407313e-01 -6.418559448933605083e-01 4.920394534771407313e-01 -7.488823208037068691e-01 -4.534121492656434937e-01 -4.534121492656433272e-01 1.717716524075382223e+00
3.122000000000000000e+03 2.134730873643835025e+01 -1.477066890332318527e+00 -5.962501799052057905e-01 -1.477066890332318527e+00 -5.962501799052057905e-01 2.696881430091359055e-01 -1.215922474909062467e-01 -1.215922474909061357e-01 2.737231093746769761e-01
3.183000000000000000e+03 1.967048696711470868e+01 -1.807673454638300647e+00 6.689697643725668330e-01 -1.807673454638300647e+00 6.689697643725668330e-01 -4.504938665337561710e-01 -1.069607463860948737e+00 -1.069607463860948515e+00 3.519973293622190025e-01
3.244000000000000000e+03 1.720622491134534471e+01 -1.267705816773344374e+00 1.164903483982091092e+00 -1.267705816773344374e+00 1.164903483982091092e+00 9.763595573953545159e-01 7.182710200195675521e-01 7.182710200195676631e-01 2.601026147502670804e-01
3.305000000000000000e+03 1.606417399276934788e+01 -1.032778620180416551e+00 -3.554456231315106240e-02 -1.032778620180416551e+00 -3.554456231315106240e-02 -6.336239953523558066e-01 -7.452031511011256715e-01 -7.452031511011257825e-01 5.403858715193775586e-01
3.366000000000000000e+03 1.305184686017116569e+01 -3.864716946977764245e-03 -1.840797839925062684e-01 -3.864716946977764245e-03 -1.840797839925062684e-01 9.421937405126916409e-02 -7.217348409571592294e-01 -7.217348409571592294e-01 2.825941763552420882e-01
3.447000000000000000e+03 1.036085327745947815e+01 -1.095307171227919207e+00 6.128316686762670384e-01 -1.095307171227919207e+00 6.128316686762670384e-01 7.242310855068712083e-01 -3.601899267587537201e-01 -3.601899267587537201e-01 -5.940460119634568548e-01
3.548000000000000000e+03 7.159580499729214509e+00 -1.828909316159009479e-02 1.989775843175809189e-01 -1.828909316159009479e-02 1.989775843175809189e-01 9.598137696634577720e-01 -6.246771827123418497e-01 -6.246771827123416276e-01 -1.674640947468357899e+00
3.649000000000000000e+03 7.627463151159007637e+00 5.164565550669991678e-01 6.741914998516214119e-01 5.164565550669991678e-01 6.741914998516214119e-01 4.712904498772803596e-01 2.890057957260799837e-01 2.890057957260798727e-01 1.363203257560222925e-01
3.750000000000000000e+03 6.151774014467736862e+00 -4.860425853848268085e-01 3.601464913394664125e-02 -4.860425853848268085e-01 3.601464913394664125e-02 -9.970293738174612619e-01 -8.556166630213821733e-01 -8.556166630213823954e-01 -8.599306544062227387e-01
3.851000000000000000e+03 4.042354190561312954e+00 -1.271060118112294079e-01 1.272814301290045302e-01 -1.271060118112294079e-01 1.272814301290045302e-01 7.553497634191685441e-03 -8.090081356152440950e-01 -8.090081356152439840e-01 1.039789729471722879e+00
3.952000000000000000e+03 4.166647111070784781e+00 -5.860014164299351958e-01 5.254449679249517668e-01 -5.860014164299351958e-01 5.254449679249517668e-01 -2.764525793129301023e-01 -9.474499452862243931e-01 -9.474499452862243931e-01 1.917073105853512871e+00
4.053000000000000000e+03 3.230091533664870784e+00 2.204010811634274369e-01 -2.025497396701257391e-01 2.204010811634274369e-01 -2.025497396701257391e-01 -2.125198619301530978e-01 -4.937751053739043439e-01 -4.937751053739044549e-01 8.884669852101972909e-01
4.154000000000000000e+03 2.485042326469753871e+00 -5.238670759010752853e-01 -5.684074656479456422e-01 -5.238670759010752853e-01 -5.684074656479456422e-01 -1.351403413800087217e+00 -1.294722526102521365e-01 -1.294722526102523863e-01 2.033891266814511628e-02
4.255000000000000000e+03 3.384964782923530091e+00 -1.485639091562315883e+00 -7.022208648528325270e-01 -1.485639091562315883e+00 -7.022208648528325270e-01 2.259684472746466444e+00 1.814483565245458840e-02 1.814483565245447738e-02 -1.260731485468166824e+00
4.356000000000000000e+03 1.712436682805157595e+00 4.938522374615900157e-02 -7.261462840140008312e-01 4.938522374615900157e-02 -7.261462840140008312e-01 1.430602577386450198e-02 8.887055368863583382e-04 8.887055368864693605e-04 -1.897496868926305869e+00
4.457000000000000000e+03 3.161711679267680264e+00 8.617466246249070316e-01 5.838141931380788074e-01 8.617466246249070316e-01 5.838141931380788074e-01 4.124031585281832946e-02 -6.770672939040032201e-01 -6.770672939040041083e-01 -2.936164924679808941e+00
4.558000000000000000e+03 8.379104135090813532e-01 -3.414071649692238530e-01 5.809519176164282817e-01 -3.414071649692238530e-01 5.809519176164282817e-01 9.159355046575775594e-01 9.339632604273475636e-01 9.339632604273474525e-01 9.191842649853093627e-01
4.659000000000000000e+03 1.185827132457522026e+00 1.844828282688036891e-01 1.143269874312771606e+00 1.844828282688036891e-01 1.143269874312771606e+00 -1.413978979659691326e+00 4.954014071291292787e-01 4.954014071291292787e-01 -9.474154832281773686e-01
4.760000000000000000e+03 1.860969917426709141e+00 -3.925635917374664663e-01 7.283947205088608934e-01 -3.925635917374664663e-01 7.283947205088608934e-01 -8.190454147386103667e-01 -5.300432121657688844e-01 -5.300432121657687734e-01 2.404850161614092929e+00
4.861000000000000000e+03 1.466900746007012257e+00 1.741265139649934568e-01 -2.067650551691806449e-01 1.741265139649934568e-01 -2.067650551691806449e-01 3.184317344229133373e-01 1.227543077110714309e+00 1.227543077110714531e+00 -7.407088871990519241e-01
4.962000000000000000e+03 -6.393726780765544015e-01 3.787020546732062232e-01 -3.456922334787395079e-01 3.787020546732062232e-01 -3.456922334787395079e-01 -1.715754086801491551e+00 7.937126442303334972e-01 7.937126442303333862e-01 2.146874445337783877e-01
5.063000000000000000e+03 1.466811554942533791e+00 6.725626699077088544e-01 7.624899395838228289e-01 6.725626699077088544e-01 7.624899395838228289e-01 -2.411809882161976670e+00 1.067143969132135384e+00 1.067143969132134718e+00 -2.302901078515728894e+00
5.164000000000000000e+03 9.036428465621721973e-01 -2.005104424048930412e+00 2.316843010281525839e+00 -2.005104424048930412e+00 2.316843010281525839e+00 3.038609032121282194e+00 -1.620699341116459857e+00 -1.620699341116460745e+00 1.886390569755268976e+00
5.265000000000000000e+03 1.249381015971259057e+00 3.335673526774956543e-01 1.700341923636939923e+00 3.335673526774956543e-01 1.700341923636939923e+00 -2.153116081402887350e+00 -3.111566170847789303e-01 -3.111566170847787083e-01 -1.886871948387524589e-01
5.366000000000000000e+03 1.289027891418040639e+00 -1.125226036089755022e+00 -6.835706630077947876e-02 -1.125226036089755022e+00 -6.835706630077947876e-02 5.854442546598183084e-01 1.517743056743220409e+00 1.517743056743220853e+00 3.343538206763121273e-02
5.467000000000000000e+03 1.685651108864548497e+00 -2.374433542226469296e+00 -8.244049788919978194e-01 -2.374433542226469296e+00 -8.244049788919978194e-01 2.135544948947703414e+00 -1.502136682109505017e+00 -1.502136682109504573e+00 -3.220845165616743166e+00
5.568000000000000000e+03 2.345151984372266518e-01 -7.399345833457240396e-01 4.384827466767272641e-01 -7.399345833457240396e-01 4.384827466767272641e-01 -1.638008847925193426e-02 -2.787804228281527852e+00 -2.787804228281527852e+00 1.040506366074641420e+00
5.669000000000000000e+03 -6.155820911279789032e-01 -1.280349777745957152e+00 -1.771291734456299061e+00 -1.280349777745957152e+00 -1.771291734456299061e+00 3.101696419047728082e+00 -3.973038676192377494e+00 -3.973038676192375718e+00 1.581638119731683112e+00
5.770000000000000000e+03 1.283599373190389192e+00 3.398099491844819853e-01 1.059623573585882994e+00 3.398099491844819853e-01 1.059623573585882994e+00 -2.037399722277789316e+00 1.637388445438795248e+00 1.637388445438795248e+00 -4.306141584379146181e-01
5.871000000000000000e+03 -3.888230361262002277e-01 -1.872198595895720352e+00 6.639670469371536932e-01 -1.872198595895720352e+00 6.639670469371536932e-01 1.494970799945877227e+00 3.040289211214064924e+00 3.040289211214064480e+00 -1.455076401254503660e+00
